averagemwh,year,index
11.045275257731952,2015,0
10.165049381443302,2015,1
9.714392371134029,2015,2
10.365933092783502,2015,3
10.304708969072168,2015,4
9.920167938144337,2015,5
9.87485546391753,2015,6
10.21898463917526,2015,7
10.0181044329897,2015,8
9.848698865979388,2015,9
10.111510103092783,2015,10
10.16625402061856,2015,11
9.981822371134024,2015,12
9.522146701030936,2015,13
9.560272268041246,2015,14
9.279498659793818,2015,15
9.83307773195876,2015,16
9.750469690721657,2015,17
9.558788762886604,2015,18
9.586133092783513,2015,19
9.607640000000004,2015,20
9.99720103092784,2015,21
9.63209907216495,2015,22
9.45792,2015,23
9.400410206185573,2015,24
9.413260618556704,2015,25
9.709863814432998,2015,26
9.61417154639175,2015,27
10.401831958762896,2015,28
10.30419639175258,2015,29
10.135496391752586,2015,30
8.0090212371134,2015,31
9.11215340206186,2015,32
9.224170103092789,2015,33
11.346667525773192,2015,34
10.516471958762878,2015,35
10.118668762886593,2015,36
9.51845855670103,2015,37
9.088482164948452,2015,38
8.699514432989691,2015,39
9.049657422680427,2015,40
9.853580103092789,2015,41
9.65591907216495,2015,42
9.71119515463918,2015,43
9.771239587628871,2015,44
9.929751855670103,2015,45
9.735416804123712,2015,46
9.833649484536087,2015,47
9.83385845360825,2015,48
10.11576237113402,2015,49
9.116035876288654,2015,50
9.30053268041238,2015,51
9.518972371134028,2015,52
8.90231969072165,2015,53
10.504565773195877,2015,54
10.234923298969074,2015,55
9.737066701030916,2015,56
9.823629175257734,2015,57
8.77025051546392,2015,58
9.041722886597944,2015,59
8.8705512371134,2015,60
8.527014226804125,2015,61
8.508572989690721,2015,62
8.972381649484548,2015,63
9.10322422680413,2015,64
9.067462268041254,2015,65
8.753802371134029,2015,66
8.716802268041246,2015,67
8.52741536082474,2015,68
8.195907216494843,2015,69
8.272392164948455,2015,70
8.762714020618565,2015,71
8.267682886597932,2015,72
8.669442989690726,2015,73
10.487264948453618,2015,74
9.982158144329896,2015,75
11.272865876288666,2015,76
9.12303412371134,2015,77
8.841724329896916,2015,78
9.21130731958763,2015,79
8.61407051546392,2015,80
9.2044475257732,2015,81
8.934097113402066,2015,82
8.529755979381447,2015,83
8.874235670103095,2015,84
8.838292474226815,2015,85
9.698254020618558,2015,86
8.974476185567015,2015,87
8.641016804123716,2015,88
8.343625567010317,2015,89
8.636695876288659,2015,90
9.22282845360825,2015,91
9.045111958762886,2015,92
8.597462577319584,2015,93
8.390932680412378,2015,94
8.849783402061863,2015,95
8.300927731958762,2015,96
11.30394711340206,2015,97
8.993068247422686,2015,98
8.381013195876298,2015,99
8.332169690721654,2015,100
8.153211030927832,2015,101
8.319149278350523,2015,102
8.331819793814436,2015,103
10.266049690721657,2015,104
8.138315979381451,2015,105
8.486774432989703,2015,106
8.160743917525776,2015,107
8.004772061855673,2015,108
8.153030618556706,2015,109
8.483011855670103,2015,110
8.55967907216495,2015,111
7.96927886597939,2015,112
8.146880206185568,2015,113
8.093084226804123,2015,114
8.001462886597944,2015,115
7.680024845360825,2015,116
9.793856288659798,2015,117
8.271935876288659,2015,118
8.24483237113403,2015,119
7.931174123711346,2015,120
8.311009381443302,2015,121
7.951953814432988,2015,122
8.21052103092784,2015,123
8.053137628865985,2015,124
8.26432422680412,2015,125
9.26411845360825,2015,126
10.393308144329891,2015,127
8.485094432989698,2015,128
8.35775927835052,2015,129
7.983114639175258,2015,130
7.693675773195884,2015,131
8.05919319587629,2015,132
8.203916185567016,2015,133
9.078194123711336,2015,134
8.341159072164949,2015,135
8.136927010309277,2015,136
7.480501030927833,2015,137
8.127301030927839,2015,138
8.170553402061858,2015,139
8.186228762886604,2015,140
8.026899793814438,2015,141
7.836983195876288,2015,142
7.92779226804124,2015,143
7.542275360824742,2015,144
7.892767010309284,2015,145
7.367685051546388,2015,146
7.886290206185575,2015,147
8.012805567010313,2015,148
8.010450618556707,2015,149
7.806393814433,2015,150
7.990362268041248,2015,151
7.801686288659791,2015,152
8.240919278350514,2015,153
8.726556185567011,2015,154
8.653491134020616,2015,155
8.257809896907226,2015,156
8.152923917525777,2015,157
8.08056680412371,2015,158
8.110915463917532,2015,159
8.192088762886598,2015,160
7.7702438144329955,2015,161
7.903299278350519,2015,162
8.130400515463922,2015,163
7.881089381443303,2015,164
8.149380206185567,2015,165
7.465200824742265,2015,166
7.912564536082475,2015,167
8.025822164948451,2015,168
8.219689072164954,2015,169
7.824448350515471,2015,170
7.875658556701033,2015,171
7.946666494845361,2015,172
8.155383608247426,2015,173
7.782328762886602,2015,174
7.491477319587628,2015,175
9.676109278350518,2015,176
8.299496597938147,2015,177
8.325955051546392,2015,178
9.194931237113416,2015,179
9.213262061855666,2015,180
8.818464329896921,2015,181
9.078091030927846,2015,182
9.700464020618565,2015,183
8.620128350515465,2015,184
8.753536494845372,2015,185
7.966328865979384,2015,186
8.179465051546385,2015,187
8.24428463917526,2015,188
8.533435051546395,2015,189
8.520297010309271,2015,190
8.58635618556702,2015,191
8.865927319587625,2015,192
9.58464309278351,2015,193
9.028625154639172,2015,194
9.52513422680413,2015,195
9.880574639175268,2015,196
10.187402474226806,2015,197
10.209619896907215,2015,198
9.321440618556704,2015,199
8.776912577319584,2015,200
9.278369690721656,2015,201
8.724154123711337,2015,202
8.858624639175257,2015,203
9.057793402061852,2015,204
9.496496082474229,2015,205
9.351661237113404,2015,206
9.96996721649485,2015,207
8.44306247422681,2015,208
7.937602577319576,2015,209
8.169652371134026,2015,210
8.723084123711338,2015,211
9.15701391752578,2015,212
9.04753412371134,2015,213
9.3366819587629,2015,214
9.992996597938149,2015,215
9.62012010309278,2015,216
9.39538,2015,217
9.079811546391754,2015,218
8.76774443298969,2015,219
9.416457628865984,2015,220
9.80813659793814,2015,221
9.802955154639177,2015,222
9.88792659793814,2015,223
9.546902164948444,2015,224
9.88395721649484,2015,225
9.293645051546394,2015,226
9.047870927835046,2015,227
9.268784020618558,2015,228
9.30231608247422,2015,229
9.469666907216498,2015,230
9.31157268041238,2015,231
9.400080206185567,2015,232
9.265143092783514,2015,233
9.535876701030924,2015,234
9.011501855670108,2015,235
9.081449484536078,2015,236
9.215567731958773,2015,237
9.497292680412375,2015,238
9.359526804123712,2015,239
8.84950360824742,2015,240
8.48192989690721,2015,241
8.38800474226804,2015,242
8.606619793814435,2015,243
8.967718762886593,2015,244
9.195703092783509,2015,245
8.45848989690722,2015,246
8.064753505154641,2015,247
8.152907216494857,2015,248
8.34748144329897,2015,249
9.269459072164958,2015,250
9.460498556701031,2015,251
9.937915876288654,2015,252
10.507609278350516,2015,253
9.940278041237107,2015,254
9.196522886597933,2015,255
8.103137628865973,2015,256
8.163007010309274,2015,257
8.523752577319591,2015,258
8.608725567010312,2015,259
8.417574948453613,2015,260
8.183465257731966,2015,261
8.688989999999993,2015,262
7.682899175257736,2015,263
7.684258969072174,2015,264
7.571418041237105,2015,265
8.96279989690722,2015,266
9.435973608247428,2015,267
9.497790412371131,2015,268
9.430028865979384,2015,269
9.273877835051554,2015,270
9.397741855670107,2015,271
6.943468865979387,2015,272
7.002102061855669,2015,273
6.951842061855671,2015,274
6.718439587628865,2015,275
6.984608247422677,2015,276
6.917554639175266,2015,277
7.184848659793811,2015,278
7.056452577319585,2015,279
6.826762989690729,2015,280
6.950627525773196,2015,281
8.503166494845358,2015,282
8.649833092783508,2015,283
8.608943505154631,2015,284
8.804753711340204,2015,285
8.06983886597939,2015,286
8.141555051546387,2015,287
10.832423298969074,2015,288
10.264202886597932,2015,289
9.977420618556696,2015,290
9.846196701030934,2015,291
9.98278515463918,2015,292
10.019678144329898,2015,293
9.671192989690722,2015,294
9.465192474226804,2015,295
9.38876649484536,2015,296
9.800952061855671,2015,297
7.349331546391747,2015,298
7.45233618556701,2015,299
7.441848247422686,2015,300
7.284461752577327,2015,301
7.130081443298969,2015,302
6.928500000000004,2015,303
7.06749092783505,2015,304
7.182165360824749,2015,305
7.64314082474226,2015,306
7.149879690721656,2015,307
7.3729150515463955,2015,308
7.644033711340214,2015,309
7.293075670103086,2015,310
7.185717113402061,2015,311
6.800640618556695,2015,312
6.749851649484534,2015,313
10.38424453608248,2015,314
9.635893092783505,2015,315
9.366433195876288,2015,316
9.98140927835052,2015,317
10.011057010309283,2015,318
10.040694845360829,2015,319
9.657915051546398,2015,320
9.961915773195878,2015,321
10.206167731958764,2015,322
9.940942680412377,2015,323
9.575153092783506,2015,324
10.315969175257726,2015,325
9.904907731958769,2015,326
10.143819896907216,2015,327
10.860175670103096,2015,328
10.533017319587636,2015,329
10.523350000000006,2015,330
10.537374742268046,2015,331
10.624753814432992,2015,332
7.2327055670103215,2015,333
6.918052989690722,2015,334
6.831020824742279,2015,335
10.136408969072171,2015,336
9.99794041237114,2015,337
10.20594608247423,2015,338
9.976968762886605,2015,339
10.595806082474226,2015,340
9.324547319587628,2015,341
9.05985855670103,2015,342
9.116727216494846,2015,343
9.067171443298978,2015,344
9.06906051546392,2015,345
9.243690721649484,2015,346
9.403085463917526,2015,347
10.05003123711341,2015,348
9.531491546391758,2015,349
9.545579690721654,2015,350
11.203150824742275,2015,351
8.295690206185572,2015,352
9.95797072164948,2015,353
9.595564329896916,2015,354
7.05266907216495,2016,355
6.944358144329899,2016,356
7.192254123711346,2016,357
7.091902783505163,2016,358
6.626859175257731,2016,359
6.782482061855673,2016,360
6.997498144329894,2016,361
7.190595154639178,2016,362
7.154767525773198,2016,363
7.175860206185566,2016,364
7.070379072164951,2016,365
7.058588865979391,2016,366
9.89396927835052,2016,367
10.684394742268047,2016,368
12.010981958762876,2016,369
11.07058525773196,2016,370
7.748884536082474,2016,371
8.93793773195877,2016,372
8.97264422680412,2016,373
8.900115773195884,2016,374
9.533031958762884,2016,375
9.147539381443304,2016,376
9.55542154639176,2016,377
8.723122061855676,2016,378
9.19322824742268,2016,379
9.556381546391757,2016,380
9.204127319587636,2016,381
9.06205360824742,2016,382
9.600038350515463,2016,383
8.535193092783507,2016,384
8.243922886597932,2016,385
7.765825257731961,2016,386
10.789348865979386,2016,387
10.71533494845361,2016,388
9.820904329896903,2016,389
8.865871340206187,2016,390
8.991085051546397,2016,391
9.3019118556701,2016,392
9.281817628865978,2016,393
10.563471649484535,2016,394
9.810990721649482,2016,395
9.529795670103091,2016,396
10.356101340206193,2016,397
9.425254432989686,2016,398
9.318538556701029,2016,399
8.712959896907215,2016,400
8.879010824742263,2016,401
9.78345134020619,2016,402
10.1559775257732,2016,403
9.759171237113405,2016,404
9.339028659793817,2016,405
8.833362371134026,2016,406
8.76606412371134,2016,407
8.39206237113402,2016,408
8.994747835051536,2016,409
10.2329150515464,2016,410
10.888635051546396,2016,411
10.051652886597935,2016,412
9.904633298969072,2016,413
9.842643402061858,2016,414
9.447599690721647,2016,415
8.94543556701031,2016,416
8.958223092783502,2016,417
9.837739381443296,2016,418
9.20228288659794,2016,419
9.574632783505152,2016,420
10.55403010309277,2016,421
9.154459175257728,2016,422
8.364677319587633,2016,423
8.793769381443303,2016,424
8.171397216494851,2016,425
8.856372577319592,2016,426
8.362338659793814,2016,427
7.837902577319594,2016,428
8.797496597938144,2016,429
9.033552268041236,2016,430
8.623487835051545,2016,431
8.760191443298972,2016,432
8.823357731958776,2016,433
8.591307113402062,2016,434
8.448700412371132,2016,435
8.771374536082478,2016,436
8.837546701030927,2016,437
8.99372010309279,2016,438
8.368338969072171,2016,439
8.128162268041239,2016,440
7.837063711340211,2016,441
8.29247463917526,2016,442
8.690101340206185,2016,443
8.05853371134021,2016,444
8.243852268041241,2016,445
8.29853237113403,2016,446
8.902457938144337,2016,447
8.232882577319584,2016,448
7.88575350515464,2016,449
7.865653195876288,2016,450
7.855636494845363,2016,451
7.724878041237116,2016,452
8.795548144329894,2016,453
7.776511855670102,2016,454
7.503093608247425,2016,455
7.971079072164953,2016,456
8.475653917525776,2016,457
10.328003917525775,2016,458
9.91970845360825,2016,459
9.768442680412363,2016,460
8.98785474226804,2016,461
9.218602577319588,2016,462
8.347329072164952,2016,463
8.12553350515464,2016,464
8.152631855670105,2016,465
7.809038659793809,2016,466
7.903318144329907,2016,467
8.033481855670107,2016,468
8.81052443298969,2016,469
8.409563711340212,2016,470
8.170616701030921,2016,471
8.040747216494847,2016,472
8.153051649484546,2016,473
7.622513814432987,2016,474
7.9542015463917535,2016,475
8.153134432989697,2016,476
8.040229381443298,2016,477
7.871108556701034,2016,478
7.865330927835052,2016,479
8.09113154639176,2016,480
7.858906494845362,2016,481
8.153113917525781,2016,482
8.06849876288661,2016,483
8.118229278350519,2016,484
8.589746288659795,2016,485
8.237931649484535,2016,486
8.917162577319585,2016,487
11.332155979381444,2016,488
8.206456288659798,2016,489
8.388914536082478,2016,490
7.976022061855669,2016,491
7.787809175257734,2016,492
7.751982061855672,2016,493
7.918385979381448,2016,494
8.167873814432994,2016,495
8.544281134020618,2016,496
8.628661752577312,2016,497
8.68652298969073,2016,498
8.561954020618563,2016,499
8.469730412371138,2016,500
8.160786185567018,2016,501
8.809638453608251,2016,502
10.750701134020616,2016,503
8.258210412371136,2016,504
8.258799381443302,2016,505
8.162832783505161,2016,506
8.430527525773199,2016,507
8.445784639175264,2016,508
8.615903195876287,2016,509
8.208667010309291,2016,510
7.92711783505155,2016,511
10.0223281443299,2016,512
9.990738865979385,2016,513
12.453290515463918,2016,514
8.425144432989693,2016,515
8.405579484536087,2016,516
8.402982886597947,2016,517
8.931633711340208,2016,518
8.693041752577326,2016,519
8.678427010309283,2016,520
8.479963608247425,2016,521
8.441268041237114,2016,522
8.48923422680413,2016,523
8.65440154639176,2016,524
11.313173195876288,2016,525
8.732649278350511,2016,526
8.268486701030929,2016,527
8.157703195876294,2016,528
8.052223505154643,2016,529
8.288456907216503,2016,530
8.637469278350517,2016,531
8.934508556701038,2016,532
9.963758247422684,2016,533
10.597412577319586,2016,534
11.446171134020627,2016,535
9.838095257731952,2016,536
12.939513608247427,2016,537
8.808804123711345,2016,538
9.210849690721648,2016,539
8.959708556701035,2016,540
8.545755360824744,2016,541
8.770138041237118,2016,542
9.405177628865989,2016,543
10.173149896907212,2016,544
9.83732742268041,2016,545
9.1182613402062,2016,546
8.478563505154648,2016,547
8.647973195876297,2016,548
8.51438350515464,2016,549
9.391635154639175,2016,550
9.855377731958766,2016,551
10.551934329896904,2016,552
10.919329896907213,2016,553
8.456507319587635,2016,554
8.511183298969074,2016,555
8.34860865979382,2016,556
8.687719793814438,2016,557
8.988825463917525,2016,558
9.182981855670103,2016,559
9.500350927835065,2016,560
9.810654639175263,2016,561
8.8886450515464,2016,562
8.737735567010319,2016,563
8.832184226804133,2016,564
9.162462989690727,2016,565
10.07984329896907,2016,566
10.050909175257743,2016,567
12.529722680412371,2016,568
12.515282783505146,2016,569
9.15319855670104,2016,570
8.61833237113403,2016,571
8.87259113402062,2016,572
9.127381134020624,2016,573
9.923285876288658,2016,574
12.521421340206182,2016,575
12.44953154639175,2016,576
10.491080515463915,2016,577
9.7511487628866,2016,578
9.376087113402065,2016,579
9.418217628865984,2016,580
9.433300000000004,2016,581
9.874444020618558,2016,582
10.156633402061855,2016,583
10.044262783505156,2016,584
10.414842474226806,2016,585
10.852387010309274,2016,586
10.037502886597938,2016,587
9.553192783505152,2016,588
9.930842164948448,2016,589
9.52219536082474,2016,590
9.203520412371136,2016,591
9.302748144329902,2016,592
9.433446082474228,2016,593
9.60444350515465,2016,594
9.67344195876289,2016,595
9.69665340206186,2016,596
9.9694781443299,2016,597
9.797561752577318,2016,598
9.87840773195877,2016,599
9.812169484536089,2016,600
9.813109484536092,2016,601
11.014684742268049,2016,602
10.147301855670104,2016,603
9.79115288659794,2016,604
11.23794577319587,2016,605
10.67956391752578,2016,606
10.526709278350518,2016,607
10.4617106185567,2016,608
10.619807319587627,2016,609
10.785853917525776,2016,610
12.6102443298969,2016,611
10.250339484536084,2016,612
9.917342783505154,2016,613
9.592341649484542,2016,614
9.66487896907217,2016,615
9.93964536082474,2016,616
10.014296391752575,2016,617
10.38626175257732,2016,618
10.114258350515463,2016,619
9.946729175257731,2016,620
9.9901,2016,621
10.345121443298972,2016,622
10.263684742268044,2016,623
10.91569237113403,2016,624
10.706972371134022,2016,625
10.355247938144323,2016,626
7.654364948453612,2016,627
7.277357628865975,2016,628
7.1128393814433,2016,629
8.692922577319582,2016,630
8.368200412371133,2016,631
9.42025113402062,2016,632
9.288253711340207,2016,633
9.41700762886598,2016,634
9.53019484536082,2016,635
9.544928247422686,2016,636
9.568318350515469,2016,637
9.679742474226805,2016,638
9.88026041237114,2016,639
10.033758247422686,2016,640
10.17152525773196,2016,641
9.920913298969069,2016,642
9.974259999999996,2016,643
9.793472164948454,2016,644
9.844798969072173,2016,645
10.242422164948456,2016,646
10.55046371134021,2016,647
10.475036907216491,2016,648
10.605728865979383,2016,649
8.19900546391752,2016,650
8.924378969072166,2016,651
9.15229474226804,2016,652
8.801982164948447,2016,653
7.649258453608247,2016,654
8.02584835051546,2016,655
7.75054350515464,2016,656
7.919593402061857,2016,657
8.027837422680419,2016,658
10.21363536082475,2016,659
10.223949278350515,2016,660
10.203850515463918,2016,661
10.4363656701031,2016,662
10.151436804123712,2016,663
10.146897835051552,2016,664
10.092157525773205,2016,665
9.68951670103093,2016,666
10.066457731958774,2016,667
10.162317731958762,2016,668
9.974816082474227,2016,669
10.839305463917524,2016,670
10.175744226804124,2016,671
10.025184742268042,2016,672
9.753008762886603,2016,673
9.811401546391757,2016,674
8.972097216494841,2016,675
8.66385278350515,2016,676
10.282123917525768,2016,677
9.74884391752577,2016,678
9.78549360824742,2016,679
9.383562680412371,2016,680
8.750405360824747,2016,681
8.693537113402067,2016,682
8.633668247422682,2016,683
8.248911134020627,2016,684
8.615783195876283,2016,685
8.294337010309281,2016,686
10.474690927835056,2016,687
10.01106340206186,2016,688
10.220246701030934,2016,689
10.34846422680413,2016,690
8.592002061855665,2016,691
8.911144020618568,2016,692
9.088152989690728,2016,693
8.66079298969073,2016,694
8.521372061855681,2016,695
7.899179484536082,2016,696
8.387315257731956,2016,697
9.95587319587629,2016,698
9.981032680412374,2016,699
10.034298556701028,2016,700
10.00589371134021,2016,701
10.282958659793817,2016,702
9.593585154639175,2016,703
9.864995360824738,2016,704
9.363889175257732,2016,705
8.944100824742272,2016,706
7.972420206185565,2016,707
7.7238181443299,2016,708
8.049381134020619,2016,709
8.020536082474232,2016,710
10.658557525773196,2017,711
10.6169493814433,2017,712
10.4510106185567,2017,713
10.508553711340204,2017,714
10.26922804123712,2017,715
10.362683505154637,2017,716
10.90114969072165,2017,717
10.846074123711343,2017,718
10.720732989690717,2017,719
10.74236216494845,2017,720
10.605267938144332,2017,721
10.648757938144332,2017,722
10.657505773195872,2017,723
10.51347206185567,2017,724
10.71818,2017,725
10.712484432989692,2017,726
11.07758659793815,2017,727
11.170652061855671,2017,728
11.57698020618557,2017,729
11.794765154639176,2017,730
10.73100185567011,2017,731
10.355635773195877,2017,732
10.381950412371136,2017,733
10.717429175257733,2017,734
10.688896701030927,2017,735
10.83993134020619,2017,736
10.391329175257727,2017,737
9.977319175257731,2017,738
10.078581855670103,2017,739
10.12211360824742,2017,740
10.6416469072165,2017,741
10.447018041237111,2017,742
10.498467216494843,2017,743
10.555228762886602,2017,744
10.445308865979383,2017,745
9.988747422680412,2017,746
10.14251360824742,2017,747
9.998240824742265,2017,748
9.974978865979375,2017,749
10.051844639175252,2017,750
9.821693195876287,2017,751
10.017422061855664,2017,752
11.990414226804118,2017,753
15.267054123711338,2017,754
16.321574845360825,2017,755
10.979712371134024,2017,756
10.86334979381444,2017,757
10.597480206185566,2017,758
9.906465463917524,2017,759
11.104637525773192,2017,760
11.746744020618555,2017,761
11.593687938144328,2017,762
10.31132175257732,2017,763
9.67441577319588,2017,764
9.819204329896904,2017,765
10.11232835051546,2017,766
10.414626804123715,2017,767
10.524867835051545,2017,768
14.02806721649485,2017,769
10.027045257731965,2017,770
9.920442680412371,2017,771
10.24386350515464,2017,772
10.264712989690729,2017,773
10.563886082474223,2017,774
13.949199175257734,2017,775
14.259304329896905,2017,776
10.439409175257737,2017,777
10.301576597938146,2017,778
10.525802886597942,2017,779
12.880999484536078,2017,780
15.334762989690722,2017,781
14.766949999999998,2017,782
11.467013608247427,2017,783
10.89295505154639,2017,784
10.254249072164948,2017,785
11.421777628865978,2017,786
11.627071649484536,2017,787
13.697740515463922,2017,788
9.976020103092786,2017,789
9.991599072164949,2017,790
14.15118783505155,2017,791
10.33773412371134,2017,792
10.035365257731948,2017,793
13.7470606185567,2017,794
14.761179587628863,2017,795
9.80533793814433,2017,796
11.067139278350512,2017,797
9.662005360824743,2017,798
9.865151958762883,2017,799
10.974126391752574,2017,800
9.317168350515466,2017,801
10.422827010309277,2017,802
9.706091752577311,2017,803
10.29007793814433,2017,804
11.551683298969069,2017,805
11.236237525773197,2017,806
14.008295463917523,2017,807
13.53651072164948,2017,808
12.005681546391758,2017,809
10.655784639175252,2017,810
9.718105773195871,2017,811
9.46882680412371,2017,812
9.53281020618556,2017,813
9.687161958762887,2017,814
9.774762268041236,2017,815
9.79463587628866,2017,816
9.327102474226804,2017,817
10.25631742268041,2017,818
9.070564742268044,2017,819
15.067467422680409,2017,820
11.12909742268042,2017,821
13.30921762886598,2017,822
12.093171340206188,2017,823
13.097334639175257,2017,824
9.766170618556703,2017,825
9.600231752577328,2017,826
11.26956711340206,2017,827
9.225025979381446,2017,828
8.893770412371131,2017,829
10.20436742268041,2017,830
9.464795979381446,2017,831
9.288903608247423,2017,832
9.843525257731958,2017,833
9.9402987628866,2017,834
9.283094536082473,2017,835
10.425878969072162,2017,836
10.818545567010307,2017,837
10.714674742268038,2017,838
8.980229896907217,2017,839
9.6512218556701,2017,840
8.973912886597931,2017,841
9.180377938144328,2017,842
9.448129896907217,2017,843
10.663868041237112,2017,844
9.37955154639175,2017,845
9.561617835051544,2017,846
10.612039896907216,2017,847
9.682559793814436,2017,848
8.499888247422682,2017,849
8.304672680412372,2017,850
8.916720927835046,2017,851
8.732088762886594,2017,852
9.084158453608246,2017,853
9.514492886597935,2017,854
8.4787924742268,2017,855
9.954899793814434,2017,856
9.404068453608248,2017,857
8.735738041237115,2017,858
8.48235865979382,2017,859
8.447191546391753,2017,860
8.506296494845358,2017,861
9.445464845360824,2017,862
8.760739793814432,2017,863
8.903966804123709,2017,864
8.576180927835049,2017,865
8.54355092783505,2017,866
9.09157969072165,2017,867
8.327654123711335,2017,868
8.554418556701032,2017,869
8.721262577319584,2017,870
8.76919742268041,2017,871
8.621801443298969,2017,872
8.95903639175258,2017,873
8.674820206185565,2017,874
8.929493608247425,2017,875
8.397008659793816,2017,876
8.47914443298969,2017,877
8.323941237113397,2017,878
8.438672164948452,2017,879
8.619957628865972,2017,880
8.619134536082473,2017,881
8.305444742268039,2017,882
8.275351443298973,2017,883
9.36950134020618,2017,884
8.946708247422686,2017,885
8.536600515463908,2017,886
8.344890824742267,2017,887
8.19570247422681,2017,888
8.467747525773193,2017,889
9.443804845360823,2017,890
8.614647422680406,2017,891
8.401476804123712,2017,892
8.337617525773195,2017,893
9.405214329896912,2017,894
8.54736525773196,2017,895
8.447006597938143,2017,896
8.705221958762884,2017,897
8.568365567010309,2017,898
10.026127216494848,2017,899
8.821026288659791,2017,900
8.64298587628866,2017,901
8.477829072164951,2017,902
8.865447525773197,2017,903
8.740693298969076,2017,904
8.357715051546386,2017,905
8.958052680412372,2017,906
8.510469793814433,2017,907
8.691171752577322,2017,908
8.607208762886597,2017,909
9.39160020618557,2017,910
9.206925670103086,2017,911
8.655507216494842,2017,912
9.36345793814433,2017,913
8.782260412371128,2017,914
9.657996804123714,2017,915
8.287027938144329,2017,916
8.509107216494844,2017,917
8.666777113402059,2017,918
8.903876701030924,2017,919
8.804104329896912,2017,920
8.65592855670103,2017,921
8.443536494845365,2017,922
8.375188969072168,2017,923
8.497532474226796,2017,924
8.752791340206185,2017,925
8.966867628865977,2017,926
8.943020927835054,2017,927
8.677347113402064,2017,928
9.871809587628867,2017,929
9.655619278350509,2017,930
9.386223814432988,2017,931
8.625092886597939,2017,932
8.896161443298977,2017,933
9.315957938144336,2017,934
9.114702268041237,2017,935
9.585642061855664,2017,936
10.114029896907212,2017,937
11.158459896907214,2017,938
10.954394639175256,2017,939
11.46973515463917,2017,940
10.07702855670103,2017,941
10.063083917525772,2017,942
10.088845463917526,2017,943
9.369578659793817,2017,944
10.34489989690722,2017,945
10.007828350515457,2017,946
9.5625924742268,2017,947
8.889734536082479,2017,948
9.02066474226804,2017,949
9.163305257731954,2017,950
10.730857938144329,2017,951
10.742732577319584,2017,952
10.71939969072165,2017,953
10.20198804123711,2017,954
9.99831515463917,2017,955
10.01097051546392,2017,956
8.81659958762887,2017,957
9.034829484536084,2017,958
9.90869762886598,2017,959
9.727908865979373,2017,960
10.805468659793814,2017,961
11.260369793814428,2017,962
11.379234845360822,2017,963
8.935317113402057,2017,964
8.91804711340206,2017,965
8.79613298969072,2017,966
8.62343742268041,2017,967
9.592954123711335,2017,968
9.477689896907211,2017,969
8.605271546391753,2017,970
8.996994742268038,2017,971
12.200616907216492,2017,972
10.630894948453603,2017,973
10.010599999999998,2017,974
9.83587536082474,2017,975
9.900168556701027,2017,976
11.682267938144332,2017,977
10.833712886597938,2017,978
10.872383195876283,2017,979
10.16243,2017,980
10.928721237113406,2017,981
10.99692711340206,2017,982
10.887801134020622,2017,983
11.005102268041238,2017,984
10.58431608247422,2017,985
10.707876082474227,2017,986
10.32523237113402,2017,987
10.881646701030927,2017,988
9.900280103092776,2017,989
9.901200721649484,2017,990
9.51562247422681,2017,991
9.310776288659794,2017,992
8.302353917525773,2017,993
8.927227113402061,2017,994
9.561491546391755,2017,995
10.967250824742274,2017,996
9.79126649484536,2017,997
8.928432371134013,2017,998
9.262135876288662,2017,999
8.878123608247424,2017,1000
9.903383917525776,2017,1001
9.473208350515463,2017,1002
9.821118556701029,2017,1003
9.372556907216495,2017,1004
9.625015979381445,2017,1005
10.07972103092783,2017,1006
11.135690412371131,2017,1007
11.308540103092785,2017,1008
8.263760824742263,2017,1009
8.576656804123711,2017,1010
8.349904329896905,2017,1011
11.307333298969068,2017,1012
10.487725051546386,2017,1013
10.57020979381443,2017,1014
9.588193711340208,2017,1015
9.035378865979382,2017,1016
8.804323195876288,2017,1017
8.68182216494845,2017,1018
9.187577525773191,2017,1019
9.43318969072165,2017,1020
8.95040030927835,2017,1021
9.04031597938144,2017,1022
8.634004536082475,2017,1023
8.618105051546388,2017,1024
7.945074536082471,2017,1025
7.218373402061843,2017,1026
7.246287628865965,2017,1027
9.239286185567012,2017,1028
8.963633092783502,2017,1029
9.101412989690724,2017,1030
7.472557628865986,2017,1031
7.522183711340212,2017,1032
7.247702268041232,2017,1033
7.735855463917516,2017,1034
7.578928556701026,2017,1035
7.435498762886596,2017,1036
7.518765051546388,2017,1037
7.477632886597935,2017,1038
7.602562577319586,2017,1039
7.807490515463908,2017,1040
9.168223711340204,2017,1041
8.844256701030929,2017,1042
9.501210721649484,2017,1043
10.703274639175254,2017,1044
10.787947422680409,2017,1045
10.771126907216493,2017,1046
10.636418350515465,2017,1047
10.708209072164948,2017,1048
10.854558762886596,2017,1049
10.900586082474224,2017,1050
10.892353298969075,2017,1051
10.99498226804124,2017,1052
10.855979072164944,2017,1053
12.184682989690724,2017,1054
11.377384329896916,2017,1055
10.04349268041237,2017,1056
10.510454020618551,2017,1057
10.500855360824742,2017,1058
10.503552886597934,2017,1059
7.583679175257722,2017,1060
7.327193092783514,2017,1061
7.141124742268035,2017,1062
6.966790206185575,2017,1063
7.024237731958759,2017,1064
7.084814536082462,2017,1065
6.900898247422679,2017,1066
7.273842886597931,2017,1067
7.27204896907216,2017,1068
7.253408659793811,2017,1069
7.055993505154632,2017,1070
10.99452175257731,2017,1071
11.360941443298966,2018,1072
10.24470494845361,2018,1073
10.622197422680411,2018,1074
10.471961649484534,2018,1075
10.415084329896906,2018,1076
10.541602783505152,2018,1077
10.33160350515464,2018,1078
10.581557319587626,2018,1079
10.506710721649489,2018,1080
10.491825979381442,2018,1081
10.34842628865979,2018,1082
10.971616804123713,2018,1083
10.59716659793814,2018,1084
10.734231958762884,2018,1085
7.683242164948453,2018,1086
7.782045979381447,2018,1087
11.096412886597935,2018,1088
10.496964845360823,2018,1089
10.727192886597935,2018,1090
10.557036597938142,2018,1091
10.52847855670103,2018,1092
10.660074432989695,2018,1093
10.952215979381442,2018,1094
11.516813298969067,2018,1095
10.52303711340206,2018,1096
10.58451762886598,2018,1097
8.046722886597937,2018,1098
8.243419278350514,2018,1099
7.933228453608242,2018,1100
11.251479690721649,2018,1101
11.081602371134023,2018,1102
11.821718865979385,2018,1103
10.112619072164952,2018,1104
10.06121020618557,2018,1105
10.745532061855672,2018,1106
10.654085463917523,2018,1107
10.508342989690728,2018,1108
10.109673917525775,2018,1109
9.89987010309278,2018,1110
9.849437731958758,2018,1111
9.932597525773197,2018,1112
9.882946185567008,2018,1113
9.944232474226803,2018,1114
9.984423195876287,2018,1115
10.171487938144328,2018,1116
10.304255257731958,2018,1117
11.449703608247424,2018,1118
10.60240855670103,2018,1119
11.323039175257726,2018,1120
13.399527113402067,2018,1121
10.94249268041237,2018,1122
10.423708247422686,2018,1123
10.35940896907217,2018,1124
11.057794329896913,2018,1125
10.839787010309276,2018,1126
10.319244432989688,2018,1127
9.63093288659794,2018,1128
9.77444257731959,2018,1129
10.132987835051544,2018,1130
11.784288556701028,2018,1131
10.962187731958764,2018,1132
10.462935463917534,2018,1133
9.696889793814432,2018,1134
10.052896597938144,2018,1135
11.1125830927835,2018,1136
11.136174329896903,2018,1137
11.014845670103092,2018,1138
10.14548010309278,2018,1139
9.594079896907214,2018,1140
9.48603268041237,2018,1141
9.363921134020616,2018,1142
9.451963814432997,2018,1143
9.56793587628866,2018,1144
9.660469793814435,2018,1145
9.839916391752576,2018,1146
9.958428350515463,2018,1147
10.795872680412367,2018,1148
11.16809010309278,2018,1149
11.00672154639175,2018,1150
10.869377628865978,2018,1151
10.528111030927834,2018,1152
11.908515979381438,2018,1153
8.905397113402064,2018,1154
8.830746185567008,2018,1155
8.767228453608245,2018,1156
8.740819896907212,2018,1157
9.132567422680411,2018,1158
9.923919381443298,2018,1159
10.142232886597936,2018,1160
10.38085865979382,2018,1161
11.670249587628865,2018,1162
11.300682474226804,2018,1163
11.291264948453607,2018,1164
11.111928659793817,2018,1165
11.227314329896908,2018,1166
12.067103814432995,2018,1167
9.270992989690724,2018,1168
9.929924020618556,2018,1169
11.34314072164948,2018,1170
11.688991752577325,2018,1171
9.62511432989691,2018,1172
10.373498659793814,2018,1173
9.93557164948454,2018,1174
9.30390030927835,2018,1175
9.214406597938144,2018,1176
9.210458453608249,2018,1177
10.706485670103092,2018,1178
15.377852783505151,2018,1179
12.930976185567012,2018,1180
10.767686288659789,2018,1181
9.562000103092783,2018,1182
9.601799793814434,2018,1183
8.772302577319588,2018,1184
9.027724742268038,2018,1185
9.197015773195876,2018,1186
9.8116118556701,2018,1187
11.830678865979378,2018,1188
10.0208993814433,2018,1189
10.171636082474226,2018,1190
10.010464020618564,2018,1191
10.273698247422676,2018,1192
12.955798556701028,2018,1193
9.437453608247422,2018,1194
9.31338927835052,2018,1195
10.18462237113402,2018,1196
12.693525154639175,2018,1197
9.43650360824742,2018,1198
9.1446687628866,2018,1199
8.460132164948455,2018,1200
8.698172989690717,2018,1201
8.73348237113402,2018,1202
8.883242783505155,2018,1203
9.219326185567011,2018,1204
9.131004948453604,2018,1205
9.279984123711335,2018,1206
9.070765876288664,2018,1207
9.291618350515462,2018,1208
9.621258144329898,2018,1209
9.078646597938144,2018,1210
9.153993505154636,2018,1211
8.826027216494849,2018,1212
9.335701340206192,2018,1213
9.100505567010307,2018,1214
8.677814639175253,2018,1215
8.908692474226806,2018,1216
8.290301443298972,2018,1217
8.729119175257729,2018,1218
8.3034981443299,2018,1219
8.32845639175258,2018,1220
8.401459175257735,2018,1221
8.441650000000005,2018,1222
8.564458350515464,2018,1223
8.375314020618559,2018,1224
8.694798144329896,2018,1225
8.740264123711345,2018,1226
8.633192371134022,2018,1227
8.39213824742268,2018,1228
8.588381855670104,2018,1229
8.362171443298966,2018,1230
8.415058762886604,2018,1231
8.67655865979382,2018,1232
8.597611340206182,2018,1233
8.3436669072165,2018,1234
8.205932061855673,2018,1235
8.778926804123717,2018,1236
8.643730824742262,2018,1237
8.308733402061852,2018,1238
8.544233298969074,2018,1239
8.891452680412376,2018,1240
9.992369896907215,2018,1241
8.106420103092786,2018,1242
8.321999278350516,2018,1243
8.260434845360821,2018,1244
8.691049793814432,2018,1245
9.222248865979386,2018,1246
9.558334536082477,2018,1247
8.343057216494845,2018,1248
8.6234787628866,2018,1249
8.338090824742267,2018,1250
8.733940000000008,2018,1251
8.871201340206182,2018,1252
8.807877422680413,2018,1253
8.659596185567013,2018,1254
8.512290927835048,2018,1255
8.07944412371134,2018,1256
9.030557938144334,2018,1257
8.643022268041241,2018,1258
8.24298608247423,2018,1259
8.157204226804122,2018,1260
8.231769793814435,2018,1261
8.249695670103096,2018,1262
9.188115360824746,2018,1263
8.95689216494845,2018,1264
8.78634443298969,2018,1265
8.384356391752577,2018,1266
8.608528453608246,2018,1267
8.52587082474227,2018,1268
8.422705257731955,2018,1269
8.689845979381444,2018,1270
9.033939484536084,2018,1271
8.465546701030929,2018,1272
8.16551030927835,2018,1273
8.28148144329897,2018,1274
8.710924742268038,2018,1275
8.18823432989691,2018,1276
8.48740608247423,2018,1277
8.421894536082469,2018,1278
8.429036804123713,2018,1279
9.964972680412371,2018,1280
9.37138505154639,2018,1281
8.731509072164949,2018,1282
8.566429587628868,2018,1283
8.904469381443299,2018,1284
8.866732474226804,2018,1285
8.890517835051547,2018,1286
8.983637835051542,2018,1287
9.214451752577316,2018,1288
9.372609896907216,2018,1289
9.05538587628866,2018,1290
8.676247731958764,2018,1291
8.567613298969077,2018,1292
8.846864226804122,2018,1293
8.716159484536082,2018,1294
8.613970927835052,2018,1295
8.458530412371136,2018,1296
8.803826907216491,2018,1297
9.564579690721652,2018,1298
10.416568247422676,2018,1299
10.97703237113402,2018,1300
11.111077319587633,2018,1301
9.730336082474228,2018,1302
9.475552061855671,2018,1303
9.708078453608248,2018,1304
10.10290824742268,2018,1305
9.471042783505151,2018,1306
9.81947340206186,2018,1307
10.99411412371134,2018,1308
10.781620309278358,2018,1309
9.969045979381445,2018,1310
10.101329793814434,2018,1311
9.794662886597935,2018,1312
10.00271587628866,2018,1313
10.190209896907216,2018,1314
10.059358144329895,2018,1315
9.961985979381447,2018,1316
9.54685494845361,2018,1317
9.366861855670104,2018,1318
9.644025979381444,2018,1319
9.882032164948452,2018,1320
9.95792927835051,2018,1321
9.290040721649486,2018,1322
8.54481680412371,2018,1323
8.921829999999996,2018,1324
9.2414793814433,2018,1325
9.460691443298968,2018,1326
10.108866907216498,2018,1327
10.377288659793804,2018,1328
10.47041515463917,2018,1329
10.42844958762887,2018,1330
10.44952701030928,2018,1331
9.43000845360825,2018,1332
10.171769381443298,2018,1333
11.065000824742269,2018,1334
10.708996701030928,2018,1335
9.960836391752576,2018,1336
9.795330824742267,2018,1337
10.143172371134026,2018,1338
9.368189175257733,2018,1339
10.173971649484535,2018,1340
10.126328453608249,2018,1341
10.2717306185567,2018,1342
9.366745360824742,2018,1343
11.045013402061857,2018,1344
11.429076185567013,2018,1345
11.4111912371134,2018,1346
11.551893195876287,2018,1347
11.439445773195882,2018,1348
11.458956701030928,2018,1349
9.56858773195876,2018,1350
9.648400618556702,2018,1351
9.98743195876289,2018,1352
10.488965154639178,2018,1353
10.449349896907218,2018,1354
10.775264329896904,2018,1355
11.732780412371133,2018,1356
11.7366287628866,2018,1357
11.30759649484536,2018,1358
10.273002886597949,2018,1359
9.550752886597945,2018,1360
9.068272164948455,2018,1361
9.719973092783508,2018,1362
9.182604123711332,2018,1363
9.736608041237112,2018,1364
9.277034329896908,2018,1365
10.480650515463918,2018,1366
9.540621134020622,2018,1367
9.433459484536083,2018,1368
9.671662268041237,2018,1369
9.773403298969072,2018,1370
10.270237525773188,2018,1371
9.44904855670103,2018,1372
9.812554020618553,2018,1373
10.359509896907213,2018,1374
10.936810824742269,2018,1375
7.776790309278351,2018,1376
7.829389278350516,2018,1377
7.684245051546394,2018,1378
8.065891134020616,2018,1379
7.752959793814434,2018,1380
8.094145360824745,2018,1381
7.971516907216494,2018,1382
8.48988783505155,2018,1383
9.847000412371134,2018,1384
10.203652783505154,2018,1385
9.385131134020616,2018,1386
10.221652783505162,2018,1387
11.340887628865987,2018,1388
10.00811309278351,2018,1389
9.978481443298977,2018,1390
10.065147731958763,2018,1391
7.292713402061857,2018,1392
8.00144762886598,2018,1393
7.907599690721645,2018,1394
7.774006907216498,2018,1395
7.672131237113403,2018,1396
8.157218350515464,2018,1397
7.988513092783507,2018,1398
8.449715051546393,2018,1399
9.610162164948452,2018,1400
9.600893092783505,2018,1401
9.264663092783511,2018,1402
9.05569288659794,2018,1403
7.277514845360824,2018,1404
7.1329587628866,2018,1405
8.224488144329898,2018,1406
7.63706742268041,2018,1407
11.967384536082472,2018,1408
14.360076907216497,2018,1409
11.87745886597938,2018,1410
10.81903350515464,2018,1411
10.807859175257745,2018,1412
10.516415876288656,2018,1413
10.388835670103092,2018,1414
10.318874020618562,2018,1415
11.691076391752578,2018,1416
10.40433463917526,2018,1417
10.055274845360824,2018,1418
10.34604886597938,2018,1419
10.591900721649482,2018,1420
11.39028329896908,2018,1421
10.659783402061857,2018,1422
10.788841855670103,2018,1423
11.40555597938144,2018,1424
10.675792164948454,2018,1425
8.283907628865977,2019,1426
7.02467402061856,2019,1427
6.923273917525768,2019,1428
7.156611134020622,2019,1429
7.144851546391757,2019,1430
7.290110824742266,2019,1431
10.482763711340208,2019,1432
10.397119175257732,2019,1433
10.504930721649488,2019,1434
10.36047525773196,2019,1435
10.362273195876288,2019,1436
10.53740597938144,2019,1437
11.14460525773196,2019,1438
9.991089278350511,2019,1439
9.929875463917524,2019,1440
10.186841237113404,2019,1441
10.30799917525773,2019,1442
9.767347938144328,2019,1443
10.467325567010308,2019,1444
10.517293298969069,2019,1445
9.98670175257732,2019,1446
10.648373402061852,2019,1447
10.10864020618557,2019,1448
10.31124340206186,2019,1449
10.18439577319587,2019,1450
10.417950309278352,2019,1451
10.200369278350516,2019,1452
10.56489608247422,2019,1453
10.318489793814438,2019,1454
10.215434845360823,2019,1455
10.182216391752576,2019,1456
10.21941494845361,2019,1457
10.341104536082476,2019,1458
10.522621649484542,2019,1459
10.829304742268045,2019,1460
10.678272371134018,2019,1461
10.389588453608251,2019,1462
10.322707835051547,2019,1463
10.702710103092784,2019,1464
11.27906917525773,2019,1465
10.778076907216493,2019,1466
10.218467938144329,2019,1467
10.428698041237112,2019,1468
10.95707917525773,2019,1469
10.754200618556704,2019,1470
11.61571278350516,2019,1471
10.389842783505156,2019,1472
10.338439587628867,2019,1473
10.06572474226804,2019,1474
10.662784432989692,2019,1475
10.669804226804125,2019,1476
10.531734639175262,2019,1477
10.245477010309282,2019,1478
10.319239175257731,2019,1479
10.33051587628866,2019,1480
10.433683195876286,2019,1481
10.354615567010306,2019,1482
11.643663402061858,2019,1483
10.194491443298974,2019,1484
9.688082268041237,2019,1485
9.66743948453608,2019,1486
9.831737731958762,2019,1487
9.511240206185567,2019,1488
9.686565979381443,2019,1489
10.119380206185562,2019,1490
10.147488144329897,2019,1491
10.206161030927834,2019,1492
10.032494639175257,2019,1493
10.454669587628866,2019,1494
10.387016082474227,2019,1495
10.588460309278354,2019,1496
11.829144226804123,2019,1497
10.271499690721647,2019,1498
10.047728659793815,2019,1499
11.34832608247423,2019,1500
11.181431546391757,2019,1501
10.801735670103094,2019,1502
11.629585051546387,2019,1503
12.04692525773196,2019,1504
9.352730412371134,2019,1505
10.15504536082474,2019,1506
12.983416597938149,2019,1507
9.917788969072168,2019,1508
9.551634020618556,2019,1509
9.506033195876284,2019,1510
9.830320824742266,2019,1511
10.310920309278346,2019,1512
10.99464731958763,2019,1513
10.737989072164943,2019,1514
10.246280103092785,2019,1515
11.20228092783506,2019,1516
10.190954742268042,2019,1517
10.559155463917524,2019,1518
11.585683917525769,2019,1519
11.301555979381442,2019,1520
10.610975670103096,2019,1521
12.42989659793814,2019,1522
14.360055567010308,2019,1523
13.261286288659788,2019,1524
11.152295154639177,2019,1525
11.87515525773196,2019,1526
13.10094391752577,2019,1527
10.006101958762882,2019,1528
10.252236082474232,2019,1529
10.634557525773197,2019,1530
11.446352268041238,2019,1531
11.186099793814428,2019,1532
12.129636288659794,2019,1533
13.849122989690718,2019,1534
9.684475876288657,2019,1535
9.754757113402064,2019,1536
10.396309587628869,2019,1537
11.067075051546388,2019,1538
9.910850412371136,2019,1539
10.19644536082474,2019,1540
11.424169175257726,2019,1541
9.975051546391754,2019,1542
10.706948865979385,2019,1543
11.661706597938142,2019,1544
12.817076082474232,2019,1545
12.330593092783507,2019,1546
12.58001319587629,2019,1547
9.909943814432992,2019,1548
10.000343298969074,2019,1549
11.145461546391752,2019,1550
10.09350907216495,2019,1551
9.497916907216492,2019,1552
9.239129381443298,2019,1553
9.765771237113404,2019,1554
10.329942268041242,2019,1555
10.901464845360822,2019,1556
11.626008865979376,2019,1557
12.482685876288668,2019,1558
13.278809690721651,2019,1559
13.402677628865984,2019,1560
12.46196154639175,2019,1561
12.91276793814433,2019,1562
11.99778,2019,1563
8.47297257731959,2019,1564
10.419187010309274,2019,1565
8.869475979381441,2019,1566
8.670465257731959,2019,1567
8.767441340206181,2019,1568
8.448490309278355,2019,1569
8.380258453608246,2019,1570
8.696612783505152,2019,1571
9.074294432989689,2019,1572
9.484280309278349,2019,1573
9.421852577319587,2019,1574
9.241220309278347,2019,1575
9.575622577319592,2019,1576
10.289721649484536,2019,1577
9.94329917525773,2019,1578
10.718723505154635,2019,1579
8.828611340206189,2019,1580
8.700599690721651,2019,1581
8.57684618556701,2019,1582
8.311673814432984,2019,1583
8.2623993814433,2019,1584
8.347963402061856,2019,1585
9.354179793814437,2019,1586
8.556038969072166,2019,1587
7.950194123711335,2019,1588
8.280090721649485,2019,1589
8.487145257731958,2019,1590
8.307480618556704,2019,1591
8.54877608247423,2019,1592
9.76179731958763,2019,1593
8.881823814432988,2019,1594
8.422617628865982,2019,1595
8.224326185567008,2019,1596
8.343551958762887,2019,1597
8.691051546391757,2019,1598
11.233689999999996,2019,1599
11.115544845360825,2019,1600
8.638213608247419,2019,1601
9.103142886597936,2019,1602
9.969297938144331,2019,1603
9.349911340206182,2019,1604
8.046465773195878,2019,1605
8.22972474226804,2019,1606
7.9672637113402045,2019,1607
8.093257319587632,2019,1608
8.248851649484532,2019,1609
8.226273092783504,2019,1610
9.018141649484534,2019,1611
8.80224597938144,2019,1612
8.565126185567008,2019,1613
8.22334701030928,2019,1614
8.778038762886599,2019,1615
8.273757731958762,2019,1616
7.936814845360822,2019,1617
8.685735463917528,2019,1618
9.3710112371134,2019,1619
8.541916804123712,2019,1620
8.379471340206187,2019,1621
8.884253092783506,2019,1622
8.410923814432987,2019,1623
8.304966391752577,2019,1624
8.06165556701031,2019,1625
9.244690618556698,2019,1626
8.526835360824741,2019,1627
8.925876701030923,2019,1628
8.399734845360827,2019,1629
8.431710721649488,2019,1630
8.640698659793816,2019,1631
8.637660206185565,2019,1632
8.415436185567007,2019,1633
8.579928969072167,2019,1634
9.633540824742266,2019,1635
10.371434639175256,2019,1636
9.72264350515464,2019,1637
9.43218567010309,2019,1638
8.551827422680413,2019,1639
10.403443298969076,2019,1640
9.597564948453606,2019,1641
9.740197422680414,2019,1642
9.23959226804124,2019,1643
8.855527938144323,2019,1644
8.386648556701028,2019,1645
8.58615773195876,2019,1646
8.17957144329897,2019,1647
8.260684020618557,2019,1648
8.641653092783502,2019,1649
8.917964226804127,2019,1650
8.324498762886593,2019,1651
8.364213298969075,2019,1652
8.948503711340207,2019,1653
8.703259793814436,2019,1654
8.645859381443296,2019,1655
8.601420824742265,2019,1656
10.137704536082472,2019,1657
9.259280824742264,2019,1658
10.44250907216495,2019,1659
10.81084412371134,2019,1660
11.659559381443296,2019,1661
10.87716175257732,2019,1662
10.943910412371142,2019,1663
10.693109587628866,2019,1664
10.90887144329897,2019,1665
9.042424123711344,2019,1666
9.933727938144328,2019,1667
10.577022680412371,2019,1668
10.844046907216494,2019,1669
9.881470103092784,2019,1670
9.48533030927835,2019,1671
9.434120309278352,2019,1672
10.240885051546393,2019,1673
8.989866907216493,2019,1674
9.057632164948451,2019,1675
9.706326494845364,2019,1676
8.824132783505153,2019,1677
9.651560206185565,2019,1678
10.18350556701031,2019,1679
9.871771958762888,2019,1680
8.95598721649484,2019,1681
8.92411257731959,2019,1682
9.728886082474222,2019,1683
9.55151577319587,2019,1684
10.22387886597938,2019,1685
10.877883917525772,2019,1686
10.47006402061856,2019,1687
10.348548556701031,2019,1688
10.109660206185564,2019,1689
9.591498969072164,2019,1690
9.628368350515466,2019,1691
11.116328144329897,2019,1692
9.682423402061854,2019,1693
9.639221134020618,2019,1694
10.226784742268034,2019,1695
9.777170824742267,2019,1696
8.92075680412371,2019,1697
9.670651237113404,2019,1698
9.558469896907216,2019,1699
9.70216474226804,2019,1700
9.223649175257728,2019,1701
9.261690824742267,2019,1702
9.524517422680416,2019,1703
10.684924948453608,2019,1704
10.120674020618557,2019,1705
10.150317010309276,2019,1706
9.945801237113404,2019,1707
10.231519072164952,2019,1708
10.419547113402055,2019,1709
10.353104432989689,2019,1710
10.317909896907214,2019,1711
10.682876391752584,2019,1712
10.567220721649482,2019,1713
10.907580206185562,2019,1714
11.097170618556705,2019,1715
11.562519278350525,2019,1716
11.876319175257734,2019,1717
10.50373711340206,2019,1718
9.710012989690718,2019,1719
10.129858041237116,2019,1720
10.378037422680414,2019,1721
10.69730525773196,2019,1722
11.421422268041235,2019,1723
10.571409793814434,2019,1724
10.111251134020623,2019,1725
10.206514742268045,2019,1726
10.447663092783504,2019,1727
10.840166494845365,2019,1728
10.515739278350516,2019,1729
10.595573092783503,2019,1730
9.96296886597938,2019,1731
10.945266082474223,2019,1732
10.376326597938144,2019,1733
11.174851030927838,2019,1734
11.136727319587628,2019,1735
10.658601237113402,2019,1736
10.001193402061856,2019,1737
9.166652268041233,2019,1738
8.742037010309284,2019,1739
9.926423711340206,2019,1740
10.21327226804124,2019,1741
8.774094639175255,2019,1742
9.863609587628869,2019,1743
9.80380773195876,2019,1744
10.988431752577323,2019,1745
10.0638593814433,2019,1746
10.488195979381445,2019,1747
9.94659886597938,2019,1748
9.73017020618556,2019,1749
9.334652989690724,2019,1750
9.47620195876289,2019,1751
10.470021958762889,2019,1752
12.02980948453608,2019,1753
12.647489072164952,2019,1754
10.163869072164951,2019,1755
8.451624020618562,2019,1756
8.243397422680413,2019,1757
8.097274536082477,2019,1758
8.127504948453607,2019,1759
8.106176494845359,2019,1760
8.139334329896906,2019,1761
8.193781546391756,2019,1762
8.37341175257732,2019,1763
8.31673587628866,2019,1764
8.061636597938138,2019,1765
8.826374639175256,2019,1766
9.356756907216491,2019,1767
10.023065773195876,2019,1768
10.190783711340202,2019,1769
9.114270721649484,2019,1770
9.6132106185567,2019,1771
7.135785463917527,2019,1772
7.1312520618556725,2019,1773
8.159249175257733,2019,1774
8.351573917525775,2019,1775
8.364422164948456,2019,1776
8.183928453608248,2019,1777
7.764390515463917,2019,1778
8.301021855670106,2019,1779
8.10666206185567,2019,1780
8.353865773195878,2019,1781
6.991402783505157,2019,1782
7.218880824742267,2019,1783
6.963978350515466,2019,1784
9.943911649484534,2020,1785
10.31594701030928,2020,1786
9.902873917525776,2020,1787
10.036887938144329,2020,1788
10.183627731958762,2020,1789
10.784284226804123,2020,1790
10.426801134020616,2020,1791
10.010204432989694,2020,1792
10.032258453608248,2020,1793
10.063707113402062,2020,1794
10.158574845360825,2020,1795
7.265227628865981,2020,1796
7.130770412371134,2020,1797
7.423392061855665,2020,1798
7.0967601030927865,2020,1799
7.37494659793815,2020,1800
10.642757010309277,2020,1801
9.812370103092782,2020,1802
9.90782525773196,2020,1803
10.301782783505152,2020,1804
10.35926525773196,2020,1805
9.963026082474222,2020,1806
9.561696494845364,2020,1807
9.641101237113403,2020,1808
10.359005257731964,2020,1809
10.829691030927837,2020,1810
10.508616082474228,2020,1811
10.891806082474224,2020,1812
10.941008556701028,2020,1813
10.58528783505155,2020,1814
10.339569793814434,2020,1815
9.908548350515463,2020,1816
9.912575567010313,2020,1817
9.22860041237113,2020,1818
9.499242268041236,2020,1819
10.443027525773198,2020,1820
12.861312371134025,2020,1821
10.341309175257727,2020,1822
10.089916907216493,2020,1823
10.706232061855673,2020,1824
10.567584742268044,2020,1825
9.766948969072164,2020,1826
9.580345876288664,2020,1827
9.525865360824746,2020,1828
9.19500298969072,2020,1829
9.49794206185567,2020,1830
9.203485670103095,2020,1831
9.16407659793814,2020,1832
10.069681546391752,2020,1833
9.820636597938146,2020,1834
10.17525051546392,2020,1835
10.278341546391747,2020,1836
9.397451649484536,2020,1837
9.50289113402062,2020,1838
9.81287556701031,2020,1839
10.334453917525774,2020,1840
11.164320206185566,2020,1841
9.311133092783503,2020,1842
9.535776804123712,2020,1843
9.669009278350517,2020,1844
9.639583814432989,2020,1845
9.889476494845365,2020,1846
10.047960206185564,2020,1847
11.340944329896905,2020,1848
13.923310309278351,2020,1849
12.524301855670098,2020,1850
14.143778041237116,2020,1851
13.035637216494852,2020,1852
11.58116979381443,2020,1853
11.83321639175258,2020,1854
14.013091237113406,2020,1855
16.897038247422678,2020,1856
14.64735061855671,2020,1857
12.061580000000005,2020,1858
9.38204969072165,2020,1859
9.11186670103093,2020,1860
9.798647319587628,2020,1861
10.21844175257732,2020,1862
9.902454948453604,2020,1863
10.836259484536082,2020,1864
10.159317628865985,2020,1865
10.01597237113402,2020,1866
11.471614020618556,2020,1867
10.427871855670109,2020,1868
9.302702061855667,2020,1869
9.313206804123714,2020,1870
9.813058041237117,2020,1871
10.148292783505156,2020,1872
11.076811855670105,2020,1873
10.593077525773197,2020,1874
10.26691257731959,2020,1875
10.146663298969072,2020,1876
11.46881319587629,2020,1877
11.062394329896904,2020,1878
12.533108969072169,2020,1879
17.602672164948448,2020,1880
9.57098587628866,2020,1881
10.039714432989692,2020,1882
9.271964020618556,2020,1883
9.250563402061852,2020,1884
8.972745463917525,2020,1885
9.229881958762888,2020,1886
10.52697618556701,2020,1887
11.43004752577319,2020,1888
15.0368575257732,2020,1889
10.249810000000002,2020,1890
10.40575010309278,2020,1891
11.422154639175254,2020,1892
16.457464432989692,2020,1893
9.926779381443303,2020,1894
10.038480412371138,2020,1895
10.56260329896907,2020,1896
9.037462061855669,2020,1897
8.574867422680414,2020,1898
8.807535360824744,2020,1899
10.608264845360823,2020,1900
8.848120309278348,2020,1901
8.81908494845361,2020,1902
8.779285154639181,2020,1903
8.996686804123712,2020,1904
9.488316288659798,2020,1905
8.803949278350519,2020,1906
8.330980515463922,2020,1907
8.396292680412373,2020,1908
11.784657422680413,2020,1909
9.200061030927838,2020,1910
11.17793268041237,2020,1911
8.95153855670103,2020,1912
8.707700824742268,2020,1913
9.009660824742268,2020,1914
8.881388659793817,2020,1915
8.729234742268044,2020,1916
8.976779175257732,2020,1917
9.671780927835052,2020,1918
7.81533257731959,2020,1919
8.052307010309281,2020,1920
8.881978041237115,2020,1921
9.134806907216491,2020,1922
8.831544226804123,2020,1923
8.434128762886594,2020,1924
8.518819175257734,2020,1925
8.913949793814435,2020,1926
9.440225463917526,2020,1927
9.441139690721656,2020,1928
7.875676391752577,2020,1929
7.720196701030925,2020,1930
8.429290927835053,2020,1931
8.512806494845362,2020,1932
7.256099690721648,2020,1933
7.638509690721652,2020,1934
7.79386082474227,2020,1935
9.94770237113402,2020,1936
7.692924948453607,2020,1937
7.733769690721647,2020,1938
8.329337731958761,2020,1939
8.023725360824745,2020,1940
8.14775845360825,2020,1941
7.943734226804123,2020,1942
8.937236804123712,2020,1943
8.1757493814433,2020,1944
7.587609484536078,2020,1945
7.782500309278347,2020,1946
7.6646006185566975,2020,1947
7.741657113402059,2020,1948
7.860014432989692,2020,1949
8.867415257731954,2020,1950
9.39114577319588,2020,1951
7.5713,2020,1952
7.831567835051547,2020,1953
7.735198659793817,2020,1954
8.195315360824742,2020,1955
8.03317907216495,2020,1956
7.905688865979382,2020,1957
8.055166907216494,2020,1958
8.747234226804123,2020,1959
7.965193814432988,2020,1960
7.8437583505154675,2020,1961
8.159028556701028,2020,1962
8.964624123711344,2020,1963
8.101481649484539,2020,1964
8.647919896907219,2020,1965
8.258923195876287,2020,1966
7.994219793814431,2020,1967
8.551422268041241,2020,1968
9.587596185567012,2020,1969
8.649748144329898,2020,1970
7.567836907216493,2020,1971
7.808139484536084,2020,1972
8.186045979381442,2020,1973
7.817210103092785,2020,1974
7.509443298969074,2020,1975
7.781063402061855,2020,1976
8.379684226804125,2020,1977
8.770508659793817,2020,1978
8.495497525773198,2020,1979
8.069310412371138,2020,1980
8.148909999999999,2020,1981
8.61059360824742,2020,1982
8.163656907216497,2020,1983
8.370488350515469,2020,1984
8.279796288659794,2020,1985
8.472925360824746,2020,1986
7.899346185567018,2020,1987
8.043149999999999,2020,1988
8.073228865979384,2020,1989
9.491288350515465,2020,1990
8.74271979381444,2020,1991
7.999436288659797,2020,1992
12.32378237113402,2020,1993
11.8307275257732,2020,1994
9.105020103092782,2020,1995
8.914110721649486,2020,1996
8.619263711340212,2020,1997
8.389597113402063,2020,1998
8.167957113402066,2020,1999
8.018738762886596,2020,2000
8.559498453608253,2020,2001
8.795298762886599,2020,2002
9.707180103092782,2020,2003
10.295897216494843,2020,2004
8.982231546391755,2020,2005
8.518853195876293,2020,2006
8.408977938144332,2020,2007
8.896498350515467,2020,2008
10.78710010309278,2020,2009
10.411855154639172,2020,2010
9.67765329896908,2020,2011
9.373067525773193,2020,2012
9.03882536082474,2020,2013
9.96026340206186,2020,2014
9.584464639175252,2020,2015
9.003417628865986,2020,2016
9.410955876288664,2020,2017
9.75801216494846,2020,2018
8.759056082474237,2020,2019
8.638646701030925,2020,2020
9.181976391752574,2020,2021
8.960309072164952,2020,2022
8.94115793814433,2020,2023
11.590228556701035,2020,2024
9.610935463917524,2020,2025
9.584370000000003,2020,2026
10.970347731958762,2020,2027
10.443342577319584,2020,2028
9.62817494845361,2020,2029
10.920306907216494,2020,2030
9.611138247422677,2020,2031
9.7468981443299,2020,2032
9.464748969072168,2020,2033
9.78702618556701,2020,2034
9.605354742268045,2020,2035
9.331400515463924,2020,2036
9.875315051546396,2020,2037
10.897620927835051,2020,2038
11.683462989690716,2020,2039
10.84819773195876,2020,2040
9.43564587628866,2020,2041
10.139348969072165,2020,2042
10.710578865979375,2020,2043
10.377897216494848,2020,2044
9.985904536082474,2020,2045
9.980996185567012,2020,2046
9.831321752577322,2020,2047
10.552389381443303,2020,2048
10.20175989690722,2020,2049
9.482776082474222,2020,2050
9.815198453608245,2020,2051
8.956522061855672,2020,2052
9.301431030927835,2020,2053
9.728090412371133,2020,2054
10.015834536082473,2020,2055
9.253343505154634,2020,2056
9.392051237113405,2020,2057
9.336416082474232,2020,2058
9.046462061855667,2020,2059
9.293431443298967,2020,2060
9.619221958762887,2020,2061
11.041097525773194,2020,2062
10.861181237113406,2020,2063
11.618538041237116,2020,2064
10.37882546391753,2020,2065
9.55858319587629,2020,2066
9.596401649484536,2020,2067
9.526134020618551,2020,2068
9.901870515463925,2020,2069
9.799994845360828,2020,2070
10.451996597938145,2020,2071
9.57576,2020,2072
8.699186701030934,2020,2073
8.67574350515464,2020,2074
8.49173072164948,2020,2075
8.606224329896905,2020,2076
8.165066082474226,2020,2077
9.576992783505158,2020,2078
9.770697525773198,2020,2079
10.09473226804124,2020,2080
10.230296804123714,2020,2081
9.36166989690722,2020,2082
9.936995567010312,2020,2083
10.776458969072168,2020,2084
11.424948762886595,2020,2085
11.833267010309276,2020,2086
11.591308659793809,2020,2087
10.290139072164946,2020,2088
7.395455154639179,2020,2089
7.405375154639171,2020,2090
7.403587731958766,2020,2091
7.735816804123715,2020,2092
8.9705893814433,2020,2093
9.187902164948452,2020,2094
8.838051649484532,2020,2095
9.500003917525772,2020,2096
9.550700000000004,2020,2097
9.563154226804125,2020,2098
9.621654329896913,2020,2099
9.647571546391754,2020,2100
12.79571474226804,2020,2101
11.364606082474229,2020,2102
9.513802268041236,2020,2103
10.56049587628866,2020,2104
7.35228257731959,2020,2105
7.220946907216496,2020,2106
7.221111546391754,2020,2107
7.630405567010305,2020,2108
8.224656701030927,2020,2109
7.741356288659795,2020,2110
7.610606597938142,2020,2111
7.815433608247428,2020,2112
7.609147010309281,2020,2113
7.613799381443301,2020,2114
7.566552371134021,2020,2115
7.371808350515467,2020,2116
7.73427783505155,2020,2117
7.789266597938143,2020,2118
7.360594639175258,2020,2119
7.302422886597937,2020,2120
10.74166484536083,2020,2121
9.738635360824745,2020,2122
9.681219896907216,2020,2123
9.697987835051546,2020,2124
9.260643195876291,2020,2125
9.943118659793814,2020,2126
11.429492268041232,2020,2127
10.069240412371132,2020,2128
10.318937628865978,2020,2129
9.700926907216491,2020,2130
9.797556082474228,2020,2131
10.263153402061857,2020,2132
10.867529484536076,2020,2133
9.719261958762887,2020,2134
10.316395567010307,2020,2135
9.959108247422682,2020,2136
10.196153402061856,2020,2137
9.909460309278352,2020,2138
9.89230041237114,2020,2139
11.742363608247423,2020,2140
10.420801443298972,2020,2141
10.477423711340204,2021,2142
11.006339072164948,2021,2143
10.019747113402063,2021,2144
9.81443494845361,2021,2145
9.709512164948451,2021,2146
10.617102268041238,2021,2147
11.806201443298969,2021,2148
10.389845154639174,2021,2149
10.198633505154644,2021,2150
10.280473195876292,2021,2151
10.123769072164947,2021,2152
10.4472287628866,2021,2153
10.593469690721648,2021,2154
10.540900927835052,2021,2155
10.626021030927836,2021,2156
10.543408865979382,2021,2157
10.33301226804124,2021,2158
8.899023711340206,2021,2159
8.477851546391753,2021,2160
8.342395979381445,2021,2161
8.208138556701034,2021,2162
8.830640721649486,2021,2163
9.197030927835051,2021,2164
8.271942783505157,2021,2165
8.019639896907213,2021,2166
9.065499072164943,2021,2167
7.898348350515464,2021,2168
7.690610412371136,2021,2169
9.197794845360823,2021,2170
10.674521546391755,2021,2171
9.800461030927837,2021,2172
9.871288144329895,2021,2173
10.157723298969078,2021,2174
11.256818453608249,2021,2175
8.744116701030926,2021,2176
8.33590577319588,2021,2177
8.474488247422677,2021,2178
8.68201731958763,2021,2179
8.618075463917524,2021,2180
8.307595670103089,2021,2181
11.92826113402062,2021,2182
9.987538350515466,2021,2183
9.984899175257732,2021,2184
9.741567731958758,2021,2185
9.885718659793817,2021,2186
10.290322474226803,2021,2187
9.70798175257732,2021,2188
10.488482989690722,2021,2189
10.039721752577316,2021,2190
11.084632474226808,2021,2191
9.161474536082473,2021,2192
8.979471340206185,2021,2193
9.08340113402062,2021,2194
9.576154845360826,2021,2195
9.42626144329897,2021,2196
10.367798247422682,2021,2197
9.604089072164951,2021,2198
9.220253402061855,2021,2199
9.369839999999998,2021,2200
11.056219175257734,2021,2201
10.80362422680412,2021,2202
10.940393195876286,2021,2203
10.107903195876288,2021,2204
9.52074494845361,2021,2205
11.365111340206187,2021,2206
9.740595051546393,2021,2207
10.32926175257732,2021,2208
10.660674329896908,2021,2209
10.420445154639175,2021,2210
10.063423608247424,2021,2211
8.969096907216494,2021,2212
9.640746185567012,2021,2213
11.054802680412372,2021,2214
10.587733917525773,2021,2215
10.552499587628864,2021,2216
10.377375876288664,2021,2217
10.77037041237113,2021,2218
10.15072381443299,2021,2219
10.689676082474232,2021,2220
11.07465474226804,2021,2221
9.107273092783505,2021,2222
10.573480515463917,2021,2223
12.523629793814436,2021,2224
11.670508659793812,2021,2225
11.541605463917522,2021,2226
11.75851402061856,2021,2227
10.8122012371134,2021,2228
9.91197206185567,2021,2229
10.357747422680417,2021,2230
11.080948969072168,2021,2231
10.9497475257732,2021,2232
10.644829896907217,2021,2233
10.540984123711343,2021,2234
11.483230618556702,2021,2235
12.374798556701036,2021,2236
11.817219381443302,2021,2237
9.64520793814433,2021,2238
8.778351134020618,2021,2239
10.095010515463915,2021,2240
10.30630412371134,2021,2241
10.290850412371134,2021,2242
10.201614845360822,2021,2243
10.135196701030928,2021,2244
9.259888659793813,2021,2245
10.616423814432991,2021,2246
11.181674020618557,2021,2247
13.462446804123712,2021,2248
11.764276391752585,2021,2249
11.017067216494842,2021,2250
12.35083701030928,2021,2251
10.297510515463918,2021,2252
11.078128556701037,2021,2253
7.776093711340206,2021,2254
7.926477835051546,2021,2255
9.483891443298967,2021,2256
8.959067319587627,2021,2257
8.938759793814429,2021,2258
9.836229278350514,2021,2259
8.916252577319588,2021,2260
9.2488587628866,2021,2261
9.536388556701032,2021,2262
10.253818350515466,2021,2263
10.211744845360824,2021,2264
10.079000412371132,2021,2265
10.89491195876289,2021,2266
10.564006804123714,2021,2267
10.026368556701032,2021,2268
9.807755567010314,2021,2269
9.830293402061852,2021,2270
8.860916907216495,2021,2271
8.673205670103092,2021,2272
9.05658824742268,2021,2273
8.780873917525774,2021,2274
7.792397216494849,2021,2275
8.436667731958764,2021,2276
7.75589474226804,2021,2277
8.47269886597938,2021,2278
8.038086494845363,2021,2279
7.92024453608247,2021,2280
10.298517525773198,2021,2281
9.037360515463918,2021,2282
8.749602783505155,2021,2283
7.99791154639175,2021,2284
8.292450927835052,2021,2285
8.071666907216496,2021,2286
8.812080618556699,2021,2287
7.739012164948452,2021,2288
7.873877216494845,2021,2289
9.061522164948451,2021,2290
7.940408762886598,2021,2291
9.146663402061854,2021,2292
8.088358556701031,2021,2293
7.827371237113403,2021,2294
7.506448247422679,2021,2295
7.615852474226805,2021,2296
7.855888453608247,2021,2297
8.985025773195876,2021,2298
9.593919381443296,2021,2299
9.340492061855668,2021,2300
9.531581855670105,2021,2301
7.8968347422680445,2021,2302
7.697605979381445,2021,2303
8.463024845360824,2021,2304
8.435907525773198,2021,2305
8.882926288659792,2021,2306
9.652322989690724,2021,2307
9.416826907216494,2021,2308
9.116815773195876,2021,2309
8.304734845360825,2021,2310
7.890398556701029,2021,2311
7.654929381443298,2021,2312
7.336279381443298,2021,2313
7.629042989690722,2021,2314
7.507873092783507,2021,2315
7.573406082474225,2021,2316
8.272621237113404,2021,2317
7.78554350515464,2021,2318
7.619598041237112,2021,2319
8.540766597938145,2021,2320
8.435480721649483,2021,2321
7.517673917525776,2021,2322
7.65818206185567,2021,2323
7.668089175257735,2021,2324
9.089586701030928,2021,2325
10.342067319587631,2021,2326
10.980792164948458,2021,2327
8.826715051546392,2021,2328
9.265121958762888,2021,2329
8.640948659793814,2021,2330
8.126357835051545,2021,2331
7.979737422680413,2021,2332
8.854023814432988,2021,2333
8.87469824742268,2021,2334
9.405949072164947,2021,2335
7.5825476288659805,2021,2336
10.033227835051544,2021,2337
8.024833092783508,2021,2338
8.247149484536083,2021,2339
8.207186494845361,2021,2340
7.841710103092781,2021,2341
7.840347731958761,2021,2342
7.640081134020618,2021,2343
8.565032989690721,2021,2344
8.811084329896904,2021,2345
7.686883505154641,2021,2346
8.052994226804126,2021,2347
10.954171752577322,2021,2348
8.21706587628866,2021,2349
9.834458969072164,2021,2350
10.120192268041237,2021,2351
9.469283814432991,2021,2352
8.506628556701031,2021,2353
8.789569690721649,2021,2354
9.524971546391749,2021,2355
7.775039175257732,2021,2356
7.781426082474227,2021,2357
8.98039030927835,2021,2358
8.502794432989694,2021,2359
14.07286474226804,2021,2360
14.76619298969072,2021,2361
8.89025793814433,2021,2362
8.966179175257734,2021,2363
8.954215979381445,2021,2364
9.366279278350516,2021,2365
9.623543195876287,2021,2366
9.36798536082474,2021,2367
9.999850206185563,2021,2368
9.220862577319586,2021,2369
7.574822680412369,2021,2370
7.849203195876289,2021,2371
8.104579175257731,2021,2372
8.652961030927838,2021,2373
7.670148556701026,2021,2374
8.399495876288661,2021,2375
8.911624432989694,2021,2376
9.5138806185567,2021,2377
9.571624536082476,2021,2378
10.681535257731955,2021,2379
11.845506082474223,2021,2380
9.83366618556701,2021,2381
8.346927113402062,2021,2382
10.360678556701034,2021,2383
9.5193093814433,2021,2384
8.221394123711342,2021,2385
9.014771340206185,2021,2386
9.006414123711338,2021,2387
8.711677113402063,2021,2388
9.641913917525772,2021,2389
10.054382680412369,2021,2390
9.874902886597942,2021,2391
9.885681855670104,2021,2392
9.970578144329895,2021,2393
10.00929701030928,2021,2394
9.864986082474225,2021,2395
9.751655360824746,2021,2396
10.0070393814433,2021,2397
10.284863195876287,2021,2398
9.45879824742268,2021,2399
8.960427525773195,2021,2400
8.547404329896906,2021,2401
8.847882268041236,2021,2402
8.641879690721648,2021,2403
8.699775773195878,2021,2404
9.38637144329897,2021,2405
9.318031752577316,2021,2406
10.9094218556701,2021,2407
9.867334020618554,2021,2408
8.142715360824742,2021,2409
8.336930721649482,2021,2410
9.369105979381445,2021,2411
9.513165463917522,2021,2412
9.335565463917524,2021,2413
10.307170412371132,2021,2414
10.289666082474229,2021,2415
11.780768762886598,2021,2416
11.840702577319586,2021,2417
11.564549381443298,2021,2418
13.730193195876288,2021,2419
10.55927381443299,2021,2420
9.82945030927835,2021,2421
10.065055463917524,2021,2422
10.202658350515463,2021,2423
9.915471958762884,2021,2424
9.285644536082476,2021,2425
8.80989154639175,2021,2426
8.592466391752575,2021,2427
8.81522886597938,2021,2428
9.242244536082476,2021,2429
9.96535855670103,2021,2430
9.84479701030928,2021,2431
9.152355567010307,2021,2432
8.614463608247423,2021,2433
9.309851855670102,2021,2434
8.644069484536082,2021,2435
10.485406804123713,2021,2436
10.884943711340206,2021,2437
8.771498659793815,2021,2438
9.694104329896913,2021,2439
9.152031855670105,2021,2440
9.215165360824743,2021,2441
9.4489287628866,2021,2442
9.799947216494845,2021,2443
10.228190206185568,2021,2444
10.289861030927836,2021,2445
9.230969793814433,2021,2446
9.373914536082475,2021,2447
9.979154742268037,2021,2448
9.80895711340206,2021,2449
9.525116701030926,2021,2450
10.633656597938144,2021,2451
10.11842463917526,2021,2452
11.476431855670103,2021,2453
9.58322298969072,2021,2454
9.61678762886598,2021,2455
9.05103886597938,2021,2456
9.33042969072165,2021,2457
9.43105969072165,2021,2458
9.197684329896903,2021,2459
10.287787525773195,2021,2460
10.075551237113402,2021,2461
9.729465670103092,2021,2462
10.114199587628868,2021,2463
10.459004432989696,2021,2464
10.583634845360825,2021,2465
11.157528041237113,2021,2466
9.174163402061856,2021,2467
10.230342680412368,2021,2468
10.090016597938144,2021,2469
11.541945567010307,2021,2470
10.767235773195871,2021,2471
11.382895876288664,2021,2472
11.68580824742268,2021,2473
11.39429649484536,2021,2474
11.152245670103095,2021,2475
9.69879742268041,2021,2476
9.8267606185567,2021,2477
10.520310721649484,2021,2478
10.66275525773196,2021,2479
9.55109402061856,2021,2480
9.644631855670106,2021,2481
9.553116288659794,2021,2482
9.881528556701031,2021,2483
9.905061546391751,2021,2484
9.645818659793814,2021,2485
9.67987907216495,2021,2486
10.00109030927835,2021,2487
10.07742659793814,2021,2488
10.263019793814433,2021,2489
10.721924639175256,2021,2490
10.328625051546393,2021,2491
10.287017010309278,2021,2492
9.781151030927838,2021,2493
11.168568453608252,2021,2494
9.133343092783504,2021,2495
7.936096597938144,2021,2496
7.617072783505156,2021,2497
7.689236288659792,2021,2498
7.789964329896909,2021,2499
8.636938041237116,2021,2500
7.378221649484534,2021,2501
7.522922886597939,2021,2502
6.8558707216494845,2021,2503
7.271470721649485,2021,2504
7.670607216494844,2021,2505
9.313376576927835,2022,2506
9.184753025923712,2022,2507
9.311347564478352,2022,2508
9.122826674720615,2022,2509
8.88315153211031,2022,2510
8.985929671807218,2022,2511
9.409871401497938,2022,2512
8.764945022043298,2022,2513
8.690732658672161,2022,2514
8.474344740942268,2022,2515
9.560700978001028,2022,2516
10.294536425293812,2022,2517
10.595451227926809,2022,2518
10.11274849353093,2022,2519
9.990626821446392,2022,2520
9.77807449524536,2022,2521
9.633610952765975,2022,2522
9.463738555537113,2022,2523
9.41200167121134,2022,2524
9.394978574914433,2022,2525
9.217143542370104,2022,2526
9.350782601212371,2022,2527
9.411592990819589,2022,2528
9.501843926128869,2022,2529
10.066758801450511,2022,2530
9.34884083076598,2022,2531
9.4659177899134,2022,2532
9.50450636081031,2022,2533
9.636566715495878,2022,2534
9.640073448265978,2022,2535
10.7643604149732,2022,2536
10.674886253679382,2022,2537
8.321474410575258,2022,2538
8.768952860318556,2022,2539
8.697928771811343,2022,2540
8.733800985505153,2022,2541
7.250858163434022,2022,2542
6.983141263410307,2022,2543
7.384192564717527,2022,2544
7.315391138928864,2022,2545
6.914280248810312,2022,2546
8.056461903563918,2022,2547
6.857409902893815,2022,2548
7.228010352753605,2022,2549
7.495892588153607,2022,2550
7.999816998349487,2022,2551
8.038560098348455,2022,2552
6.69437004046701,2022,2553
11.200158526883502,2022,2554
9.472388380142268,2022,2555
10.322269344540208,2022,2556
9.263858613995875,2022,2557
9.80709804362371,2022,2558
9.928012104051543,2022,2559
9.56643785553402,2022,2560
8.83694661711134,2022,2561
7.74218528202268,2022,2562
8.06161447718763,2022,2563
8.358926877785567,2022,2564
8.737153418030926,2022,2565
8.434338706228862,2022,2566
10.368123339759794,2022,2567
8.266994074375257,2022,2568
8.254209092383503,2022,2569
11.709051518676286,2022,2570
9.885394506382475,2022,2571
10.060096619658763,2022,2572
9.97250526556186,2022,2573
10.20343331419588,2022,2574
10.581072852247422,2022,2575
10.33374079997835,2022,2576
10.497368810289696,2022,2577
11.770446216225771,2022,2578
13.94719549336289,2022,2579
11.171473171762887,2022,2580
11.256694303052576,2022,2581
10.149123553249485,2022,2582
10.200547211096907,2022,2583
9.710651046576288,2022,2584
9.302763086506184,2022,2585
11.742828690018555,2022,2586
10.998246464972162,2022,2587
9.980300233787624,2022,2588
9.236164781855672,2022,2589
10.76813755625052,2022,2590
10.132051672197935,2022,2591
10.447520723671134,2022,2592
11.330604220121652,2022,2593
10.41046343785464,2022,2594
9.849308925122678,2022,2595
9.039872258493816,2022,2596
10.29640200011134,2022,2597
10.202127584759792,2022,2598
10.931160869032986,2022,2599
10.499084349317524,2022,2600
12.111647916461855,2022,2601
12.320805047204129,2022,2602
12.104659172869068,2022,2603
11.566057414413402,2022,2604
10.0326176320134,2022,2605
10.851938971075256,2022,2606
9.766852338939174,2022,2607
9.50630278387938,2022,2608
12.746073114254644,2022,2609
10.36013862852062,2022,2610
10.598781192397936,2022,2611
10.93724644581134,2022,2612
13.290754509244328,2022,2613
13.47100691957319,2022,2614
11.565464005449485,2022,2615
11.603323815187627,2022,2616
12.05299026524949,2022,2617
9.654956613985568,2022,2618
9.429714340956703,2022,2619
10.20107718906186,2022,2620
8.896092919591753,2022,2621
9.153913254111345,2022,2622
9.269003113072165,2022,2623
9.998679878186596,2022,2624
10.65681640597423,2022,2625
9.467384735428864,2022,2626
8.806772090636082,2022,2627
9.374555243151548,2022,2628
10.020492296470104,2022,2629
11.169228149705155,2022,2630
10.03941711300928,2022,2631
10.729286743046396,2022,2632
11.365617268538143,2022,2633
8.307987385076288,2022,2634
9.899768487915466,2022,2635
8.606873411685564,2022,2636
9.398282775850516,2022,2637
9.743654967915466,2022,2638
9.462578769205155,2022,2639
9.03804911099897,2022,2640
9.314439910648456,2022,2641
9.40166717114536,2022,2642
9.521637819737112,2022,2643
9.148654525461852,2022,2644
8.336758408625775,2022,2645
8.955616206403091,2022,2646
9.502845354117524,2022,2647
12.16969545526598,2022,2648
9.993018517019587,2022,2649
7.639577336987626,2022,2650
8.15710854054227,2022,2651
8.078147737246395,2022,2652
7.73043464515567,2022,2653
7.234336616295876,2022,2654
7.429591218647421,2022,2655
7.657426649391753,2022,2656
8.772446465127837,2022,2657
9.604109839728867,2022,2658
9.883748583004124,2022,2659
10.019075434002064,2022,2660
10.629139460929895,2022,2661
9.672165595114432,2022,2662
11.114847364907217,2022,2663
13.110378882087632,2022,2664
8.777250157034024,2022,2665
7.271098472065979,2022,2666
7.871002871697936,2022,2667
8.656029012057731,2022,2668
7.130469223273193,2022,2669
7.1465558570567005,2022,2670
8.024860894784537,2022,2671
7.844900704784536,2022,2672
9.005130548131959,2022,2673
8.462944325177322,2022,2674
10.09089532744433,2022,2675
8.583774315991754,2022,2676
6.963377294491751,2022,2677
6.92638260882165,2022,2678
7.009482092071135,2022,2679
7.241966137138145,2022,2680
7.568057543572166,2022,2681
7.79766273542165,2022,2682
6.928115928519588,2022,2683
7.310881628116494,2022,2684
7.73237672029072,2022,2685
6.888008452800001,2022,2686
6.853168370139176,2022,2687
6.925651091994847,2022,2688
7.360024708962886,2022,2689
7.775685960367009,2022,2690
7.360403568326803,2022,2691
8.119815604711341,2022,2692
7.303756345981443,2022,2693
7.82430977150928,2022,2694
8.722696426798967,2022,2695
7.269192695596908,2022,2696
6.964428216136082,2022,2697
7.0810121462969065,2022,2698
7.0308119854721625,2022,2699
7.542427450278347,2022,2700
7.1043787356,2022,2701
7.232096637026804,2022,2702
7.087841468902062,2022,2703
7.1792965840268055,2022,2704
7.30390431876701,2022,2705
6.951022476643299,2022,2706
7.024299308536083,2022,2707
7.156830343419585,2022,2708
7.642661655202057,2022,2709
7.271311184062889,2022,2710
8.583623208857732,2022,2711
9.220190323869073,2022,2712
9.683557388540208,2022,2713
8.799917867655672,2022,2714
8.780065815777318,2022,2715
7.203045633837113,2022,2716
7.416203215590723,2022,2717
8.293432799535054,2022,2718
6.916014523992785,2022,2719
7.408227675408247,2022,2720
8.34544603432474,2022,2721
6.9390194783298975,2022,2722
7.084561301937114,2022,2723
7.557814836381445,2022,2724
7.399038612498969,2022,2725
8.007893365408247,2022,2726
8.420889166391756,2022,2727
7.535314661494845,2022,2728
6.941414706081442,2022,2729
9.485337707893816,2022,2730
9.288290352497942,2022,2731
8.473169863878347,2022,2732
7.762531267644331,2022,2733
8.076172274914434,2022,2734
8.014074033330928,2022,2735
9.492727952528869,2022,2736
8.525745291906187,2022,2737
8.354410180519585,2022,2738
7.005583590841236,2022,2739
7.3872710547948435,2022,2740
7.25842879312474,2022,2741
7.083429725107216,2022,2742
7.179468418037114,2022,2743
7.419460581107217,2022,2744
7.412414288679381,2022,2745
7.225446356475258,2022,2746
7.249011310353609,2022,2747
8.165038345579385,2022,2748
7.489685050346392,2022,2749
7.679573326999998,2022,2750
8.721806272509282,2022,2751
8.171341273828864,2022,2752
7.962801352563918,2022,2753
8.854115629852576,2022,2754
8.606066604474227,2022,2755
8.072906377753608,2022,2756
7.433327611964949,2022,2757
7.777515763595875,2022,2758
8.593889293675257,2022,2759
8.197767772384536,2022,2760
8.680300659919588,2022,2761
8.194167028938146,2022,2762
8.335680914762888,2022,2763
9.376925284491756,2022,2764
9.80589612010206,2022,2765
9.931411835991751,2022,2766
9.820602899572163,2022,2767
9.840316078021653,2022,2768
10.231434251524744,2022,2769
10.884376479579382,2022,2770
9.88259707690103,2022,2771
11.118510026513404,2022,2772
10.327250780005151,2022,2773
7.948969101046392,2022,2774
8.506208654999996,2022,2775
7.710864259728865,2022,2776
7.279802454358761,2022,2777
9.818547399293818,2022,2778
9.553945081228868,2022,2779
9.503475286116494,2022,2780
10.244708598440203,2022,2781
10.230655269897936,2022,2782
10.28261278973608,2022,2783
10.65051486524536,2022,2784
9.667937100160824,2022,2785
9.67020541534433,2022,2786
10.056228584119586,2022,2787
9.473842200191754,2022,2788
9.30679020418763,2022,2789
9.217391330411346,2022,2790
9.068206226925772,2022,2791
8.342823600318557,2022,2792
8.133157868374226,2022,2793
9.873242100228868,2022,2794
10.359293206609278,2022,2795
9.895337283112372,2022,2796
9.253905558050514,2022,2797
9.067478906639176,2022,2798
9.473849936201033,2022,2799
9.206253998060824,2022,2800
8.697136084984535,2022,2801
8.482384099926803,2022,2802
8.566319343715463,2022,2803
8.794817257858762,2022,2804
9.932648876461858,2022,2805
10.331663153547424,2022,2806
11.16753564531134,2022,2807
10.002210019606188,2022,2808
10.727843844559796,2022,2809
8.509288648040206,2022,2810
8.278548011809281,2022,2811
8.770263526545362,2022,2812
8.662251214359792,2022,2813
9.54197439122268,2022,2814
9.922107163991749,2022,2815
8.894088470957731,2022,2816
8.493803903517524,2022,2817
8.361359187355669,2022,2818
8.434170504288662,2022,2819
8.12766069963402,2022,2820
8.321595249132988,2022,2821
8.376299170975257,2022,2822
10.028770753964949,2022,2823
11.723471962859795,2022,2824
10.015396526027835,2022,2825
10.039707863851548,2022,2826
10.024031887021648,2022,2827
9.574279803237117,2022,2828
9.763442895138144,2022,2829
9.593036690328868,2022,2830
9.879461002093818,2022,2831
9.769962694184535,2022,2832
10.227249037864947,2022,2833
9.672160234419584,2022,2834
9.946756706456702,2022,2835
10.39568305086392,2022,2836
9.251812831207218,2022,2837
9.022824333394844,2022,2838
9.652042514183504,2022,2839
9.99932662578763,2022,2840
8.596100286186598,2022,2841
6.896372157348453,2022,2842
6.639683572779383,2022,2843
8.942834283004125,2022,2844
9.044609400542267,2022,2845
10.317671109994846,2022,2846
10.051441159732988,2022,2847
10.342876831352577,2022,2848
9.833070491686597,2022,2849
10.165431215449482,2022,2850
9.599119847996905,2022,2851
9.628771348017525,2022,2852
10.375777168598969,2022,2853
9.728362384969072,2022,2854
8.939681391228866,2022,2855
9.198164116258765,2022,2856
8.752382809429898,2022,2857
9.917018594887631,2022,2858
10.077391562840203,2022,2859
10.61135965200928,2022,2860
10.78497190888866,2022,2861
10.639540541936087,2022,2862
10.24265488973402,2022,2863
9.919318839381445,2022,2864
11.146787349220617,2022,2865
9.252168290152577,2022,2866
7.385283814432987,2023,2867
9.872589896907217,2023,2868
10.499198453608244,2023,2869
10.132300412371134,2023,2870
9.729455979381449,2023,2871
9.80728288659794,2023,2872
11.871675360824744,2023,2873
11.354681340206184,2023,2874
10.575902886597936,2023,2875
9.99640525773196,2023,2876
10.46652360824742,2023,2877
8.711888865979379,2023,2878
8.262865979381447,2023,2879
7.949126391752571,2023,2880
8.106844536082475,2023,2881
8.749171649484538,2023,2882
9.028726082474227,2023,2883
9.859871546391748,2023,2884
6.807821030927839,2023,2885
7.305618041237111,2023,2886
6.777550515463919,2023,2887
10.245438556701032,2023,2888
9.885232680412368,2023,2889
11.518553402061851,2023,2890
9.709829896907218,2023,2891
9.859144639175256,2023,2892
9.67614154639175,2023,2893
10.688147938144327,2023,2894
9.44920670103093,2023,2895
10.027252989690725,2023,2896
9.926069896907215,2023,2897
10.3169624742268,2023,2898
9.801001030927836,2023,2899
9.508862577319588,2023,2900
9.210673711340208,2023,2901
10.396048350515466,2023,2902
10.513584432989688,2023,2903
9.794195154639176,2023,2904
9.891094742268043,2023,2905
9.672511340206183,2023,2906
9.545854845360822,2023,2907
9.501129587628864,2023,2908
9.424537010309276,2023,2909
8.954820824742264,2023,2910
9.060040618556702,2023,2911
10.035642268041236,2023,2912
11.190582680412373,2023,2913
18.030411134020618,2023,2914
10.031724329896909,2023,2915
10.72885731958763,2023,2916
9.446519587628863,2023,2917
10.088382164948456,2023,2918
10.874987628865975,2023,2919
10.83387092783505,2023,2920
10.905862886597935,2023,2921
10.807425773195876,2023,2922
12.059553711340202,2023,2923
9.715258144329898,2023,2924
10.569477835051543,2023,2925
10.211610515463915,2023,2926
10.47558731958763,2023,2927
10.407572268041234,2023,2928
9.179414020618555,2023,2929
9.011710412371135,2023,2930
9.706611752577322,2023,2931
12.767437525773191,2023,2932
13.698696082474225,2023,2933
5.811397216494845,2023,2934
10.145746804123712,2023,2935
9.941514742268044,2023,2936
9.597734329896904,2023,2937
9.773695567010307,2023,2938
9.822761546391751,2023,2939
10.241549175257736,2023,2940
10.067371443298972,2023,2941
8.752829690721653,2023,2942
8.68685412371134,2023,2943
8.97883536082474,2023,2944
10.624023195876289,2023,2945
10.095911443298968,2023,2946
10.412802577319589,2023,2947
10.591621340206189,2023,2948
10.418236391752576,2023,2949
10.203221752577315,2023,2950
9.476834742268045,2023,2951
9.77284762886598,2023,2952
10.924909690721648,2023,2953
9.68272288659794,2023,2954
9.66205649484536,2023,2955
10.404387422680411,2023,2956
9.248870927835052,2023,2957
10.101342577319588,2023,2958
9.315569175257734,2023,2959
9.543840206185566,2023,2960
9.482292680412376,2023,2961
8.686103711340206,2023,2962
8.612161134020619,2023,2963
9.9629006185567,2023,2964
10.505238350515466,2023,2965
9.57281206185567,2023,2966
9.416485773195877,2023,2967
9.47666113402062,2023,2968
9.483909278350517,2023,2969
11.457449999999998,2023,2970
10.295109381443298,2023,2971
10.64706092783505,2023,2972
9.525316597938144,2023,2973
9.079744329896908,2023,2974
8.765087113402064,2023,2975
9.793223092783505,2023,2976
8.247942577319588,2023,2977
8.85944453608247,2023,2978
9.974695979381442,2023,2979
9.432003505154638,2023,2980
9.054978556701029,2023,2981
9.432644948453609,2023,2982
8.863265154639176,2023,2983
9.043514329896906,2023,2984
9.71543010309278,2023,2985
8.63864051546392,2023,2986
8.93008587628866,2023,2987
8.220463711340205,2023,2988
8.221827525773197,2023,2989
8.081738144329897,2023,2990
8.78971268041237,2023,2991
8.558727113402059,2023,2992
9.271949484536082,2023,2993
9.448458350515464,2023,2994
8.255838969072165,2023,2995
8.455397835051546,2023,2996
8.639553814432988,2023,2997
9.28859793814433,2023,2998
9.5078524742268,2023,2999
10.836651340206188,2023,3000
12.088405463917526,2023,3001
8.607405670103091,2023,3002
8.970452680412368,2023,3003
9.171068144329896,2023,3004
10.07432113402062,2023,3005
8.562011340206183,2023,3006
8.272404639175258,2023,3007
7.793819175257733,2023,3008
8.200607731958762,2023,3009
8.285031546391751,2023,3010
8.576913092783503,2023,3011
8.029280206185566,2023,3012
8.242509690721649,2023,3013
8.933933917525772,2023,3014
8.931114742268042,2023,3015
8.733322268041238,2023,3016
8.805668969072165,2023,3017
7.778381030927835,2023,3018
8.143109278350517,2023,3019
7.6777751546391775,2023,3020
7.431635154639175,2023,3021
8.614263402061857,2023,3022
7.628433505154638,2023,3023
7.997579896907216,2023,3024
7.581750618556697,2023,3025
7.313796288659795,2023,3026
7.658330412371135,2023,3027
8.151356494845361,2023,3028
7.501600927835053,2023,3029
8.511514742268043,2023,3030
8.572505360824744,2023,3031
9.330811340206187,2023,3032
8.625776391752577,2023,3033
7.389219587628866,2023,3034
7.088792164948456,2023,3035
7.244417628865978,2023,3036
7.123632371134021,2023,3037
7.170406391752576,2023,3038
7.235467216494848,2023,3039
7.207734536082475,2023,3040
7.104631752577321,2023,3041
7.371205154639178,2023,3042
7.923559278350518,2023,3043
7.474101443298969,2023,3044
7.66840092783505,2023,3045
7.457660103092783,2023,3046
7.486450618556702,2023,3047
7.46979474226804,2023,3048
9.319091134020622,2023,3049
7.297087010309279,2023,3050
7.321790000000001,2023,3051
7.371146597938143,2023,3052
7.327645051546391,2023,3053
7.415291340206188,2023,3054
7.839998762886598,2023,3055
7.573261958762889,2023,3056
7.514134742268037,2023,3057
7.303385360824746,2023,3058
8.383621958762886,2023,3059
7.33621886597938,2023,3060
7.160775360824742,2023,3061
7.257350206185567,2023,3062
8.16604556701031,2023,3063
8.398342783505155,2023,3064
7.22943649484536,2023,3065
8.923810206185568,2023,3066
8.312350515463919,2023,3067
8.528659896907211,2023,3068
8.425956185567014,2023,3069
9.053568762886597,2023,3070
7.955029690721649,2023,3071
8.395834226804128,2023,3072
8.511880103092784,2023,3073
7.610422164948454,2023,3074
7.033222577319586,2023,3075
7.650336907216496,2023,3076
8.23423319587629,2023,3077
9.191999278350515,2023,3078
7.00984268041237,2023,3079
7.598855670103091,2023,3080
7.436905051546392,2023,3081
9.237229484536083,2023,3082
9.295659793814432,2023,3083
9.366979381443295,2023,3084
10.3382581443299,2023,3085
7.985502268041239,2023,3086
8.466277835051546,2023,3087
8.870625773195876,2023,3088
8.875698969072168,2023,3089
8.228585051546391,2023,3090
7.849541030927837,2023,3091
8.9820387628866,2023,3092
8.873053608247425,2023,3093
7.188996082474227,2023,3094
7.975127835051547,2023,3095
7.700621134020618,2023,3096
8.161824948453608,2023,3097
8.55445762886598,2023,3098
8.031201649484533,2023,3099
8.244665154639174,2023,3100
7.744706391752578,2023,3101
7.7055379381443325,2023,3102
7.939111340206183,2023,3103
10.56871443298969,2023,3104
8.915967422680412,2023,3105
9.16130969072165,2023,3106
8.41132649484536,2023,3107
7.950137628865979,2023,3108
8.211997628865978,2023,3109
8.468973092783507,2023,3110
9.046899484536082,2023,3111
10.040397422680414,2023,3112
9.624754845360826,2023,3113
9.3606093814433,2023,3114
10.128338144329897,2023,3115
10.362994226804124,2023,3116
8.051645670103092,2023,3117
8.78165835051546,2023,3118
8.225530515463918,2023,3119
8.947175051546392,2023,3120
8.9564293814433,2023,3121
9.247640412371132,2023,3122
10.773195979381445,2023,3123
10.12955113402062,2023,3124
10.252899793814434,2023,3125
7.943983505154638,2023,3126
9.313131030927837,2023,3127
8.787534536082477,2023,3128
9.579994536082475,2023,3129
9.358029793814431,2023,3130
10.09449525773196,2023,3131
9.297546185567008,2023,3132
9.510985154639174,2023,3133
10.019702680412372,2023,3134
9.740861958762888,2023,3135
9.336289072164949,2023,3136
11.825640206185565,2023,3137
11.1115024742268,2023,3138
9.774453402061852,2023,3139
10.81347711340206,2023,3140
9.981857525773195,2023,3141
9.186540309278351,2023,3142
8.368944639175261,2023,3143
8.973239484536082,2023,3144
10.613515773195877,2023,3145
9.589529484536085,2023,3146
10.16377443298969,2023,3147
10.243226701030926,2023,3148
10.868800309278347,2023,3149
10.820284948453608,2023,3150
10.36081237113402,2023,3151
10.130361546391752,2023,3152
10.402725773195876,2023,3153
10.86124020618557,2023,3154
10.019302989690718,2023,3155
10.62956020618557,2023,3156
9.959987113402065,2023,3157
10.183828041237112,2023,3158
8.821818247422682,2023,3159
9.01469144329897,2023,3160
9.05540216494845,2023,3161
10.068344639175264,2023,3162
9.54202402061856,2023,3163
11.765002474226804,2023,3164
11.172702783505157,2023,3165
12.976926288659795,2023,3166
11.272771649484536,2023,3167
11.02264195876289,2023,3168
10.953831546391754,2023,3169
12.963434536082476,2023,3170
10.755414536082474,2023,3171
10.561959793814433,2023,3172
10.055934536082477,2023,3173
9.726732474226806,2023,3174
8.676750206185565,2023,3175
9.07450154639175,2023,3176
10.006885360824745,2023,3177
11.665209690721651,2023,3178
12.182375154639177,2023,3179
10.69276536082474,2023,3180
11.20626546391752,2023,3181
12.218114329896906,2023,3182
10.890319072164951,2023,3183
9.795461134020618,2023,3184
9.201800206185569,2023,3185
9.879427731958769,2023,3186
10.423193195876287,2023,3187
9.97968690721649,2023,3188
9.685897422680412,2023,3189
9.635304639175258,2023,3190
11.506550515463916,2023,3191
10.489215257731958,2023,3192
12.855145154639176,2023,3193
9.151950927835047,2023,3194
10.412909072164949,2023,3195
10.992271649484538,2023,3196
10.76583463917526,2023,3197
10.218568144329897,2023,3198
10.415305154639176,2023,3199
10.450390927835048,2023,3200
11.088524123711345,2023,3201
10.79850793814433,2023,3202
10.547149072164949,2023,3203
10.075202474226804,2023,3204
10.446466494845364,2023,3205
11.305049072164946,2023,3206
11.44522701030928,2023,3207
9.266822371134015,2023,3208
11.714332886597942,2023,3209
6.639651134020619,2023,3210
9.394743608247424,2023,3211
10.610099690721649,2023,3212
10.271957731958762,2023,3213
9.429822783505156,2023,3214
8.663367525773195,2023,3215
7.6055212371134,2023,3216
8.047694742268037,2023,3217
7.327821546391752,2023,3218
8.348879278350514,2023,3219
8.334112783505159,2023,3220
8.467451443298971,2023,3221
8.03875195876289,2023,3222
8.162486494845357,2023,3223
7.675370412371131,2023,3224
7.905270206185566,2023,3225
10.032338659793812,2023,3226
6.599419896907213,2023,3227
